dist vxRef thetaRef YRef vx theta Y steer Tfl Tfr Trl Trrr dT
0.000000 2.000000 0.000083 0.000001 2.000000 0.000000 0.000000 -0.000390 8.995710 8.992930 8.738928 8.730223 -0.011486
0.099732 2.000272 0.000101 0.000001 1.988719 0.000000 -0.000000 0.004462 9.952215 9.955544 9.687078 9.684278 0.000529
0.199713 2.000310 0.000122 0.000001 2.012316 -0.000097 -0.000000 -0.012734 7.976203 7.957619 7.724124 7.699467 -0.043242
0.301060 1.998950 0.000149 0.000001 2.041743 0.000450 0.000002 -0.006040 5.549888 5.540565 5.311903 5.297814 -0.023411
0.403701 1.996195 0.000182 0.000002 2.063480 -0.000903 -0.000002 0.000041 3.661333 3.661388 3.434005 3.430369 -0.003581
0.507178 1.992448 0.000222 0.000002 2.075106 -0.003870 -0.000011 0.002490 2.493569 2.497307 2.272800 2.273439 0.004378
0.611032 1.988139 0.000271 0.000002 2.078653 -0.005709 -0.000020 0.003730 1.904480 1.909493 1.687037 1.689242 0.007218
0.714932 1.983590 0.000331 0.000003 2.077106 -0.006028 -0.000029 0.003880 1.683127 1.687581 1.467009 1.468746 0.006191
0.818686 1.978994 0.000404 0.000004 2.072938 -0.005299 -0.000037 0.003365 1.653839 1.656721 1.438027 1.438173 0.003028
0.922205 1.974453 0.000493 0.000004 2.067748 -0.004017 -0.000043 0.002680 1.702651 1.703800 1.486742 1.485096 -0.000497
1.025458 1.970006 0.000601 0.000005 2.062385 -0.002604 -0.000048 0.002068 1.769107 1.768787 1.553015 1.549840 -0.003495
1.128448 1.965668 0.000731 0.000007 2.057207 -0.001321 -0.000050 0.001617 1.828177 1.826791 1.611945 1.607654 -0.005676
1.231185 1.961439 0.000890 0.000008 2.052303 -0.000272 -0.000051 0.001335 1.873995 1.871939 1.657692 1.652695 -0.007053
1.333684 1.957318 0.001084 0.000010 2.047649 0.000542 -0.000050 0.001198 1.908863 1.906460 1.692542 1.687174 -0.007771
1.435954 1.953305 0.001318 0.000012 2.043189 0.001166 -0.000048 0.001174 1.937163 1.934657 1.720853 1.715366 -0.007993
1.538006 1.949404 0.001603 0.000015 2.038880 0.001663 -0.000045 0.001235 1.962701 1.960267 1.746408 1.740983 -0.007859
1.639845 1.945617 0.001948 0.000018 2.034691 0.002092 -0.000041 0.001368 1.987954 1.985725 1.771672 1.766446 -0.007456
1.741477 1.941951 0.002367 0.000022 2.030612 0.002500 -0.000036 0.001562 2.014208 2.012285 1.797924 1.793001 -0.006846
1.842909 1.938409 0.002874 0.000026 2.026640 0.002928 -0.000031 0.001821 2.041922 2.040402 1.825621 1.821099 -0.006042
1.944144 1.934997 0.003489 0.000032 2.022780 0.003409 -0.000024 0.002147 2.071115 2.070088 1.854781 1.850754 -0.005054
2.045189 1.931718 0.004235 0.000039 2.019037 0.003970 -0.000017 0.002553 2.101595 2.101164 1.885213 1.881787 -0.003856
2.146050 1.928575 0.005138 0.000047 2.015419 0.004642 -0.000008 0.003052 2.133119 2.133400 1.916675 1.913969 -0.002424
2.246734 1.925571 0.006231 0.000057 2.011931 0.005453 0.000002 0.003660 2.165452 2.166581 1.948933 1.947087 -0.000717
2.347247 1.922708 0.007554 0.000069 2.008577 0.006437 0.000014 0.004400 2.198389 2.200525 1.981781 1.980962 0.001318
2.447595 1.919988 0.009155 0.000083 2.005362 0.007634 0.000028 0.005298 2.231749 2.235086 2.015040 2.015448 0.003744
2.547786 1.917412 0.011092 0.000101 2.002289 0.009091 0.000044 0.006383 2.265376 2.270144 2.048554 2.050425 0.006639
2.647827 1.914980 0.013436 0.000122 1.999358 0.010862 0.000064 0.007698 2.299119 2.305598 2.082169 2.085797 0.010107
2.747725 1.912692 0.016269 0.000148 1.996574 0.013014 0.000088 0.009288 2.332835 2.341363 2.115745 2.121478 0.014262
2.847488 1.910549 0.019696 0.000179 1.993935 0.015627 0.000116 0.011208 2.366381 2.377367 2.149137 2.157397 0.019246
2.947122 1.908549 0.023837 0.000217 1.991443 0.018795 0.000150 0.013527 2.399613 2.413548 2.182199 2.193497 0.025233
3.046635 1.906691 0.028841 0.000262 1.989099 0.022635 0.000191 0.016326 2.432382 2.449861 2.214781 2.229733 0.032430
3.146035 1.904974 0.034888 0.000317 1.986901 0.027286 0.000240 0.019704 2.464534 2.486274 2.246728 2.266075 0.041087
3.245329 1.903396 0.042191 0.000384 1.984849 0.032914 0.000299 0.023778 2.495906 2.522772 2.277874 2.302513 0.051504
3.344523 1.901955 0.051011 0.000464 1.982942 0.039721 0.000371 0.028691 2.526328 2.559361 2.308046 2.339056 0.064042
3.443626 1.900648 0.061660 0.000561 1.981179 0.047949 0.000457 0.034611 2.555616 2.596070 2.337057 2.375735 0.079132
3.542644 1.899472 0.074513 0.000679 1.979557 0.057891 0.000561 0.041743 2.583570 2.632953 2.364702 2.412611 0.097292
3.641585 1.898426 0.090022 0.000820 1.978075 0.069898 0.000686 0.050326 2.609973 2.670096 2.390759 2.449773 0.119138
3.740455 1.897505 0.108730 0.000991 1.976730 0.084392 0.000837 0.060651 2.634582 2.707618 2.414978 2.487347 0.145404
3.839261 1.896706 0.131287 0.001197 1.975520 0.101880 0.001020 0.073059 2.657130 2.745678 2.437084 2.525500 0.176964
3.938009 1.896025 0.158475 0.001446 1.974440 0.122969 0.001240 0.087955 2.677311 2.784479 2.456762 2.564443 0.214849
4.036707 1.895459 0.191228 0.001746 1.973489 0.148391 0.001505 0.105815 2.694783 2.824276 2.473660 2.604441 0.260274
4.135360 1.895004 0.230661 0.002108 1.972662 0.179014 0.001825 0.127196 2.709161 2.865381 2.487376 2.645818 0.314662
4.233975 1.894656 0.278104 0.002545 1.971956 0.215882 0.002210 0.152745 2.720006 2.908170 2.497459 2.688963 0.379668
4.332556 1.894411 0.335136 0.003071 1.971367 0.260232 0.002675 0.183206 2.726827 2.953087 2.503400 2.734338 0.457197
4.431111 1.894265 0.403628 0.003704 1.970891 0.313535 0.003234 0.219425 2.729077 3.000650 2.504629 2.782477 0.549420
4.529644 1.894213 0.485783 0.004467 1.970523 0.377532 0.003908 0.262349 2.726152 3.051452 2.500523 2.833994 0.658772
4.628160 1.894251 0.584185 0.005384 1.970259 0.454270 0.004717 0.313016 2.717404 3.106158 2.490405 2.889578 0.787927
4.726664 1.894377 0.701843 0.006486 1.970095 0.546149 0.005691 0.372529 2.702151 3.165492 2.473570 2.949978 0.939749
4.825160 1.894585 0.842228 0.007810 1.970025 0.655956 0.006859 0.442019 2.679715 3.230217 2.449309 3.015986 1.117179
4.923652 1.894873 1.009307 0.009397 1.970046 0.786904 0.008260 0.522565 2.649463 3.301097 2.416965 3.088394 1.323063
5.022143 1.895238 1.207546 0.011298 1.970151 0.942656 0.009938 0.615094 2.610887 3.378836 2.376007 3.167935 1.559876
5.120634 1.895676 1.441883 0.013571 1.970336 1.127326 0.011943 0.720219 2.563707 3.463990 2.326140 3.255193 1.829336
5.219129 1.896188 1.717654 0.016281 1.970595 1.345457 0.014335 0.838028 2.508017 3.556848 2.267454 3.350474 2.131851
5.317626 1.896772 2.040429 0.019506 1.970924 1.601944 0.017180 0.967811 2.444483 3.657273 2.200633 3.453653 2.465811
5.416124 1.897430 2.415759 0.023331 1.971319 1.901893 0.020555 1.107729 2.374551 3.764491 2.127166 3.563947 2.826721
5.514621 1.898164 2.848774 0.027852 1.971774 2.250391 0.024544 1.254446 2.300648 3.876812 2.049560 3.679638 3.206241
5.613112 1.898980 3.343620 0.033171 1.972289 2.652165 0.029240 1.402779 2.226576 3.991504 1.971738 3.797928 3.591118
5.711588 1.899887 3.902714 0.039400 1.972863 3.111100 0.034740 1.545424 2.157609 4.104508 1.899147 3.914655 3.962407
5.810040 1.900894 4.525806 0.046647 1.973501 3.629623 0.041145 1.672881 2.100577 4.210322 1.838844 4.024162 4.295063
5.908455 1.902016 5.208920 0.055023 1.974210 4.207946 0.048557 1.773700 2.063726 4.302045 1.799345 4.119342 4.558316
6.006820 1.903269 5.943256 0.064624 1.975007 4.843227 0.057067 1.835138 2.056275 4.371652 1.790171 4.191917 4.717123
6.105118 1.904672 6.714246 0.075527 1.975912 5.528718 0.066758 1.844297 2.087623 4.410555 1.821030 4.233006 4.734909
6.203336 1.906243 7.501007 0.087780 1.976956 6.253037 0.077688 1.789663 2.166224 4.410430 1.900653 4.233981 4.577533
6.301461 1.907997 8.276453 0.101389 1.978170 6.999738 0.089887 1.662874 2.298242 4.364258 2.035418 4.187536 4.218133
6.399487 1.909947 9.008305 0.116308 1.979586 7.747322 0.103347 1.460409 2.486202 4.267441 2.227954 4.088845 3.642130
6.497417 1.912094 9.661085 0.132433 1.981231 8.469865 0.118017 1.184782 2.727931 4.118743 2.476063 3.936542 2.851291
6.595263 1.914431 10.198989 0.149599 1.983118 9.138310 0.133797 0.845021 3.016095 3.920961 2.772235 3.733422 1.866053
6.693050 1.916935 10.589289 0.167579 1.985243 9.722372 0.150540 0.456137 3.338527 3.681100 3.103993 3.486631 0.725211
6.790816 1.919573 10.805756 0.186097 1.987583 10.192890 0.168053 0.037670 3.679092 3.409791 3.454773 3.207071 -0.517004
6.888606 1.922297 10.831526 0.204838 1.990098 10.524318 0.186101 -0.388526 4.019636 3.120411 3.805922 2.908494 -1.796653
6.986477 1.925050 10.660913 0.223466 1.992735 10.697028 0.204421 -0.800860 4.341930 2.827570 4.138692 2.605939 -3.047113
7.084485 1.927768 10.299852 0.241648 1.995435 10.699042 0.222733 -1.180487 4.629728 2.545472 4.436353 2.314045 -4.206564
7.182686 1.930390 9.764882 0.259069 1.998141 10.526940 0.240750 -1.513288 4.870428 2.286381 4.685907 2.045464 -5.224489
7.281126 1.932855 9.080847 0.275448 2.000802 10.185794 0.258194 -1.791041 5.055969 2.059164 4.879020 1.809376 -6.066450
7.379844 1.935114 8.277675 0.290552 2.003374 9.688151 0.274803 -2.011708 5.183437 1.868831 5.012656 1.611005 -6.716257
7.478863 1.937128 7.386750 0.304200 2.005820 9.052258 0.290347 -2.178930 5.254799 1.716235 5.088804 1.451312 -7.176057
7.578193 1.938873 6.437436 0.316262 2.008108 8.299807 0.304624 -2.300972 5.276323 1.598463 5.113888 1.327398 -7.464351
7.677830 1.940338 5.454215 0.326653 2.010212 7.453536 0.317469 -2.389357 5.257703 1.509632 5.097859 1.233304 -7.612626
7.777756 1.941523 4.454746 0.335325 2.012104 6.534979 0.328750 -2.457424 5.211002 1.441905 5.053106 1.161049 -7.661154
7.877946 1.942441 3.448917 0.342252 2.013762 5.562582 0.338362 -2.518938 5.149492 1.386571 4.993256 1.101724 -7.654454
7.978366 1.943114 2.438824 0.347421 2.015170 4.550340 0.346225 -2.586786 5.086473 1.335111 4.931951 1.046585 -7.636728
8.078976 1.943571 1.419465 0.350814 2.016315 3.506980 0.352270 -2.671791 5.034128 1.280169 4.881675 0.988042 -7.647592
8.179732 1.943848 0.379982 0.352400 2.017192 2.435729 0.356437 -2.781532 5.002440 1.216480 4.852632 0.920614 -7.717978
8.280586 1.943986 -0.694701 0.352130 2.017805 1.334620 0.358660 -2.919128 4.998201 1.141797 4.851724 0.841882 -7.866247
8.381490 1.944031 -1.821872 0.349922 2.018164 0.197331 0.358867 -3.082016 5.024100 1.057807 4.881603 0.753433 -8.094463
8.482388 1.944035 -3.018616 0.345668 2.018293 -0.985458 0.356971 -3.260822 5.077954 0.970994 4.939873 0.661748 -8.385085
8.583223 1.944060 -4.298913 0.339234 2.018224 -2.224178 0.352872 -3.438654 5.152182 0.893228 5.018542 0.578818 -8.698678
8.683931 1.944172 -5.670232 0.330465 2.018008 -3.527988 0.346457 -3.591275 5.233741 0.841774 5.103949 0.522161 -8.973755
8.784442 1.944451 -7.129803 0.319204 2.017715 -4.901969 0.337611 -3.688655 5.304765 0.838322 5.177436 0.513854 -9.130025
8.884685 1.944979 -8.661023 0.305313 2.017441 -6.344122 0.326232 -3.698220 5.344118 0.906738 5.216979 0.578263 -9.076097
8.984587 1.945843 -10.230848 0.288695 2.017313 -7.842554 0.312241 -3.589607 5.329861 1.069528 5.199775 0.738463 -8.721644
9.084085 1.947127 -11.789207 0.269329 2.017473 -9.373398 0.295609 -3.340132 5.242363 1.343491 5.105510 1.011835 -7.992546
9.183131 1.948898 -13.271372 0.247292 2.018071 -10.900092 0.276371 -2.939774 5.067536 1.735421 4.919757 1.405691 -6.846181
9.281706 1.951200 -14.603525 0.222785 2.019235 -12.374471 0.254647 -2.394409 4.799548 2.238976 4.636799 1.914077 -5.283295
9.379826 1.954040 -15.710858 0.196141 2.021045 -13.739892 0.230643 -1.726478 4.442484 2.833776 4.261345 2.516806 -3.353247
9.477550 1.957380 -16.526643 0.167814 2.023508 -14.936135 0.204661 -0.972939 4.010598 3.487103 3.808724 3.181109 -1.151109
9.574978 1.961138 -17.000468 0.138365 2.026560 -15.905458 0.177087 -0.180780 3.526884 4.157830 3.303309 3.865534 1.193171
9.672246 1.965189 -17.104257 0.108418 2.030075 -16.598932 0.148376 0.599074 3.020342 4.802166 2.775585 4.525710 3.531948
9.769515 1.969377 -16.835411 0.078621 2.033891 -16.982042 0.119030 1.318378 2.522260 5.379420 2.258207 5.120153 5.719106
9.866953 1.973527 -16.216997 0.049600 2.037846 -17.038665 0.089576 1.937417 2.062217 5.856573 1.781824 5.614935 7.627468
9.964722 1.977469 -15.295192 0.021917 2.041799 -16.772757 0.060532 2.428966 1.664624 6.210863 1.371525 5.986374 9.161088
10.062956 1.981044 -14.134202 -0.003963 2.045645 -16.207519 0.032383 2.779779 1.346035 6.430193 1.044139 6.221538 10.261558
10.161757 1.984128 -12.809147 -0.027694 2.049310 -15.382305 0.005561 2.989763 1.114521 6.512563 0.807663 6.317777 10.908156
10.261183 1.986632 -11.397803 -0.049059 2.052738 -14.347941 -0.019581 3.069528 0.969872 6.464667 0.661552 6.281354 11.114598
10.361252 1.988504 -9.972565 -0.067967 2.055884 -13.161379 -0.042771 3.037165 0.905108 6.300473 0.598321 6.126041 10.923086
10.461944 1.989735 -8.594094 -0.084438 2.058696 -11.880521 -0.063829 2.914926 0.908624 6.039651 0.605777 5.871530 10.396781
10.563209 1.990343 -7.307638 -0.098581 2.061121 -10.559853 -0.082662 2.726373 0.966366 5.705696 0.669249 5.541509 9.611589
10.664976 1.990374 -6.142234 -0.110573 2.063105 -9.247232 -0.099257 2.493946 1.064036 5.323727 0.773850 5.161406 8.647247
10.767163 1.989885 -5.112245 -0.120627 2.064599 -7.981888 -0.113669 2.237486 1.188316 4.918209 0.905732 4.756050 7.580211
10.869681 1.988947 -4.220290 -0.128979 2.065573 -6.793609 -0.126008 1.973385 1.327782 4.511014 1.053020 4.347692 6.477904
10.972448 1.987627 -3.460628 -0.135859 2.066016 -5.702867 -0.136423 1.714252 1.473230 4.119988 1.206155 3.954535 5.395138
11.075386 1.985995 -2.822310 -0.141492 2.065940 -4.721647 -0.145091 1.469074 1.617546 3.758229 1.357759 3.589984 4.372908
11.178426 1.984109 -2.291734 -0.146077 2.065378 -3.854719 -0.152201 1.243644 1.755702 3.434188 1.502624 3.262744 3.438606
11.281512 1.982025 -1.854507 -0.149794 2.064378 -3.101125 -0.157947 1.041131 1.884061 3.151984 1.637013 2.977138 2.608048
11.384596 1.979788 -1.496657 -0.152796 2.062998 -2.455678 -0.162515 0.862669 2.000303 2.912299 1.758565 2.734002 1.887433
11.487643 1.977435 -1.205341 -0.155215 2.061301 -1.910340 -0.166083 0.707922 2.103156 2.713326 1.866014 2.531636 1.275792
11.590624 1.974997 -0.969178 -0.157161 2.059346 -1.455403 -0.168812 0.575576 2.192197 2.551664 1.958974 2.366714 0.767206
11.693518 1.972499 -0.778346 -0.158722 2.057189 -1.080432 -0.170846 0.463721 2.267676 2.423072 2.037749 2.235045 0.352692
11.796309 1.969962 -0.624530 -0.159974 2.054879 -0.774962 -0.172312 0.370165 2.330349 2.323054 2.103162 2.132157 0.021701
11.898988 1.967400 -0.500785 -0.160977 2.052455 -0.528996 -0.173319 0.292627 2.381345 2.247237 2.156414 2.053689 -0.236834
12.001546 1.964828 -0.401376 -0.161781 2.049951 -0.333305 -0.173961 0.228894 2.422026 2.191606 2.198932 1.995625 -0.433727
12.103979 1.962256 -0.321603 -0.162423 2.047392 -0.179597 -0.174314 0.176902 2.453861 2.152622 2.232249 1.954420 -0.579068
12.206284 1.959694 -0.257638 -0.162938 2.044801 -0.060580 -0.174444 0.134808 2.478315 2.127260 2.257886 1.927039 -0.681901
12.308459 1.957150 -0.206378 -0.163349 2.042192 0.030049 -0.174404 0.100966 2.496803 2.112963 2.277309 1.910909 -0.750240
12.410503 1.954631 -0.165314 -0.163679 2.039581 0.097660 -0.174236 0.073930 2.510642 2.107588 2.291878 1.903871 -0.791060
12.512417 1.952144 -0.132427 -0.163942 2.036976 0.146778 -0.173976 0.052515 2.520955 2.109413 2.302753 1.904189 -0.810106
12.614200 1.949695 -0.106092 -0.164153 2.034388 0.181170 -0.173651 0.035667 2.528753 2.116986 2.310975 1.910395 -0.812348
12.715855 1.947288 -0.085004 -0.164321 2.031824 0.203947 -0.173283 0.022533 2.534860 2.129146 2.317395 1.921314 -0.801795
12.817382 1.944930 -0.068119 -0.164456 2.029292 0.217656 -0.172889 0.012396 2.539957 2.144943 2.322715 1.935984 -0.781745
12.918783 1.942624 -0.054596 -0.164564 2.026797 0.224369 -0.172481 0.004667 2.544588 2.163605 2.327496 1.953620 -0.754859
13.020061 1.940374 -0.043767 -0.164651 2.024345 0.225756 -0.172071 -0.001141 2.549176 2.184506 2.332177 1.973585 -0.723262
13.121217 1.938186 -0.035092 -0.164720 2.021941 0.223157 -0.171666 -0.005425 2.554045 2.207133 2.337093 1.995357 -0.688649
13.222255 1.936061 -0.028142 -0.164776 2.019590 0.217640 -0.171270 -0.008505 2.559429 2.231075 2.342486 2.018516 -0.652324
13.323176 1.934003 -0.022573 -0.164820 2.017296 0.210047 -0.170889 -0.010641 2.565490 2.255998 2.348528 2.042720 -0.615300
13.423984 1.932016 -0.018110 -0.164856 2.015063 0.201040 -0.170523 -0.012041 2.572334 2.281627 2.355330 2.067689 -0.578348
13.524683 1.930100 -0.014532 -0.164884 2.012894 0.191133 -0.170176 -0.012875 2.580019 2.307740 2.362955 2.093193 -0.542041
13.625274 1.928259 -0.011664 -0.164907 2.010794 0.180722 -0.169848 -0.013275 2.588567 2.334156 2.371429 2.119045 -0.506795
13.725763 1.926494 -0.009363 -0.164925 2.008764 0.170109 -0.169540 -0.013349 2.597971 2.360725 2.380747 2.145092 -0.472902
13.826151 1.924807 -0.007518 -0.164940 2.006808 0.159520 -0.169251 -0.013180 2.608201 2.387323 2.390884 2.171207 -0.440556
13.926444 1.923199 -0.006037 -0.164952 2.004927 0.149122 -0.168981 -0.012834 2.619212 2.413849 2.401796 2.197282 -0.409877
14.026645 1.921671 -0.004849 -0.164961 2.003123 0.139035 -0.168729 -0.012364 2.630946 2.440217 2.413426 2.223229 -0.380926
14.126758 1.920223 -0.003895 -0.164969 2.001399 0.129341 -0.168495 -0.011810 2.643337 2.466354 2.425710 2.248974 -0.353719
14.226786 1.918855 -0.003130 -0.164975 1.999754 0.120096 -0.168278 -0.011202 2.656313 2.492199 2.438576 2.274451 -0.328241
14.326735 1.917569 -0.002515 -0.164980 1.998190 0.111332 -0.168077 -0.010566 2.669800 2.517698 2.451952 2.299605 -0.304450
14.426607 1.916363 -0.002021 -0.164984 1.996708 0.103066 -0.167891 -0.009918 2.683722 2.542805 2.465761 2.324387 -0.282290
14.526407 1.915237 -0.001625 -0.164987 1.995308 0.095301 -0.167719 -0.009272 2.698002 2.567481 2.479929 2.348757 -0.261693
14.626139 1.914191 -0.001306 -0.164990 1.993990 0.088032 -0.167560 -0.008639 2.712566 2.591689 2.494380 2.372676 -0.242580
14.725808 1.913223 -0.001050 -0.164992 1.992755 0.081246 -0.167413 -0.008025 2.727339 2.615397 2.509041 2.396111 -0.224873
14.825416 1.912334 -0.000845 -0.164993 1.991601 0.074926 -0.167278 -0.007436 2.742252 2.638576 2.523842 2.419031 -0.208488
14.924969 1.911521 -0.000679 -0.164995 1.990528 0.069053 -0.167154 -0.006874 2.757238 2.661200 2.538717 2.441411 -0.193343
15.024471 1.910783 -0.000546 -0.164996 1.989535 0.063603 -0.167039 -0.006341 2.772231 2.683248 2.553601 2.463227 -0.179357
15.123924 1.910119 -0.000439 -0.164996 1.988622 0.058554 -0.166934 -0.005838 2.787172 2.704699 2.568434 2.484456 -0.166452
15.223335 1.909528 -0.000353 -0.164997 1.987787 0.053882 -0.166837 -0.005366 2.802004 2.725532 2.583159 2.505079 -0.154552
15.322705 1.909006 -0.000284 -0.164998 1.987029 0.049562 -0.166748 -0.004924 2.816674 2.745733 2.597724 2.525080 -0.143585
15.422039 1.908553 -0.000229 -0.164998 1.986346 0.045573 -0.166666 -0.004511 2.831133 2.765286 2.612079 2.544442 -0.133484
15.521341 1.908167 -0.000184 -0.164999 1.985736 0.041891 -0.166590 -0.004127 2.845335 2.784178 2.626179 2.563152 -0.124183
15.620614 1.907845 -0.000148 -0.164999 1.985199 0.038495 -0.166521 -0.003769 2.859239 2.802399 2.639983 2.581199 -0.115624
15.719862 1.907584 -0.000119 -0.164999 1.984731 0.035365 -0.166457 -0.003437 2.872807 2.819938 2.653452 2.598573 -0.107748
15.819089 1.907384 -0.000096 -0.164999 1.984331 0.032480 -0.166399 -0.003129 2.886005 2.836789 2.666554 2.615265 -0.100505
15.918297 1.907241 -0.000077 -0.164999 1.983997 0.029823 -0.166345 -0.002844 2.898801 2.852945 2.679257 2.631270 -0.093842
16.017490 1.907153 -0.000062 -0.165000 1.983727 0.027377 -0.166296 -0.002581 2.911169 2.868401 2.691533 2.646583 -0.087718
16.116671 1.907118 -0.000050 -0.165000 1.983517 0.025125 -0.166250 -0.002337 2.923085 2.883156 2.703360 2.661200 -0.082088
16.215843 1.907133 -0.000040 -0.165000 1.983367 0.023053 -0.166209 -0.002113 2.934527 2.897208 2.714716 2.675120 -0.076914
16.315009 1.907196 -0.000032 -0.165000 1.983272 0.021147 -0.166170 -0.001905 2.945478 2.910557 2.725582 2.688344 -0.072160
16.414171 1.907304 -0.000026 -0.165000 1.983232 0.019393 -0.166135 -0.001714 2.955923 2.923205 2.735945 2.700872 -0.067791
16.513333 1.907455 -0.000021 -0.165000 1.983243 0.017780 -0.166103 -0.001537 2.965849 2.935155 2.745793 2.712709 -0.063778
16.612497 1.907646 -0.000017 -0.165000 1.983303 0.016296 -0.166073 -0.001374 2.975247 2.946412 2.755114 2.723857 -0.060092
16.711665 1.907874 -0.000014 -0.165000 1.983409 0.014932 -0.166046 -0.001224 2.984110 2.956982 2.763903 2.734325 -0.056706
16.810839 1.908137 -0.000011 -0.165000 1.983559 0.013678 -0.166021 -0.001086 2.992433 2.966873 2.772155 2.744117 -0.053597
16.910021 1.908433 -0.000009 -0.165000 1.983750 0.012525 -0.165999 -0.000958 3.000213 2.976093 2.779867 2.753244 -0.050742
17.009214 1.908759 -0.000007 -0.165000 1.983979 0.011465 -0.165978 -0.000841 3.007450 2.984652 2.787038 2.761715 -0.048121
17.108420 1.909113 -0.000006 -0.165000 1.984244 0.010490 -0.165958 -0.000733 3.014145 2.992561 2.793671 2.769540 -0.045715
17.207640 1.909492 -0.000005 -0.165000 1.984543 0.009595 -0.165941 -0.000634 3.020302 2.999831 2.799768 2.776731 -0.043507
17.306875 1.909893 -0.000004 -0.165000 1.984873 0.008772 -0.165925 -0.000542 3.025926 3.006477 2.805334 2.783302 -0.041480
17.406128 1.910316 -0.000003 -0.165000 1.985231 0.008016 -0.165910 -0.000457 3.031022 3.012512 2.810377 2.789267 -0.039621
17.505399 1.910757 -0.000002 -0.165000 1.985615 0.007321 -0.165896 -0.000380 3.035601 3.017950 2.814903 2.794639 -0.037914
17.604690 1.911214 -0.000002 -0.165000 1.986023 0.006682 -0.165884 -0.000308 3.039669 3.022809 2.818923 2.799435 -0.036349
17.704002 1.911685 -0.000002 -0.165000 1.986452 0.006096 -0.165873 -0.000242 3.043240 3.027103 2.822448 2.803671 -0.034913
17.803335 1.912167 -0.000001 -0.165000 1.986900 0.005557 -0.165862 -0.000181 3.046323 3.030850 2.825488 2.807364 -0.033597
17.902692 1.912660 -0.000001 -0.165000 1.987364 0.005062 -0.165853 -0.000125 3.048933 3.034068 2.828057 2.810532 -0.032390
18.002072 1.913161 -0.000001 -0.165000 1.987843 0.004608 -0.165844 -0.000074 3.051082 3.036775 2.830169 2.813192 -0.031284
18.101476 1.913668 -0.000001 -0.165000 1.988334 0.004191 -0.165836 -0.000026 3.052786 3.038990 2.831838 2.815364 -0.030270
18.200906 1.914179 -0.000001 -0.165000 1.988836 0.003808 -0.165829 0.000018 3.054060 3.040732 2.833079 2.817066 -0.029341
18.300360 1.914693 -0.000000 -0.165000 1.989346 0.003456 -0.165822 0.000058 3.054919 3.042021 2.833908 2.818317 -0.028490
18.399840 1.915208 -0.000000 -0.165000 1.989862 0.003133 -0.165816 0.000095 3.055381 3.042875 2.834342 2.819138 -0.027710
18.499347 1.915722 -0.000000 -0.165000 1.990383 0.002837 -0.165810 0.000130 3.055462 3.043315 2.834398 2.819548 -0.026997
18.598879 1.916235 -0.000000 -0.165000 1.990907 0.002565 -0.165805 0.000161 3.055179 3.043361 2.834093 2.819567 -0.026343
18.698437 1.916743 -0.000000 -0.165000 1.991432 0.002316 -0.165801 0.000191 3.054551 3.043034 2.833444 2.819216 -0.025746
18.798022 1.917247 -0.000000 -0.165000 1.991956 0.002088 -0.165796 0.000218 3.053595 3.042353 2.832470 2.818513 -0.025199
18.897633 1.917745 -0.000000 -0.165000 1.992479 0.001879 -0.165793 0.000242 3.052329 3.041338 2.831189 2.817480 -0.024700
18.997270 1.918236 -0.000000 -0.165000 1.992998 0.001687 -0.165789 0.000265 3.050772 3.040011 2.829618 2.816136 -0.024243
19.096932 1.918718 -0.000000 -0.165000 1.993512 0.001511 -0.165786 0.000286 3.048941 3.038390 2.827775 2.814501 -0.023825
19.196621 1.919191 -0.000000 -0.165000 1.994020 0.001350 -0.165783 0.000306 3.046855 3.036495 2.825679 2.812595 -0.023444
19.296334 1.919654 -0.000000 -0.165000 1.994521 0.001203 -0.165780 0.000324 3.044531 3.034347 2.823348 2.810437 -0.023096
19.396073 1.920105 -0.000000 -0.165000 1.995013 0.001068 -0.165778 0.000340 3.041989 3.031964 2.820800 2.808047 -0.022778
19.495835 1.920545 -0.000000 -0.165000 1.995496 0.000945 -0.165776 0.000356 3.039245 3.029365 2.818052 2.805443 -0.022488
19.595622 1.920972 -0.000000 -0.165000 1.995969 0.000833 -0.165774 0.000369 3.036317 3.026570 2.815122 2.802645 -0.022225
19.695432 1.921386 -0.000000 -0.165000 1.996430 0.000730 -0.165772 0.000383 3.033222 3.023596 2.812026 2.799670 -0.021983
19.795265 1.921786 -0.000000 -0.165000 1.996880 0.000636 -0.165771 0.000395 3.029978 3.020461 2.808782 2.796535 -0.021764
19.895120 1.922171 -0.000000 -0.165000 1.997316 0.000551 -0.165769 0.000406 3.026600 3.017183 2.805406 2.793259 -0.021564
19.994996 1.922542 -0.000000 -0.165000 1.997739 0.000473 -0.165768 0.000416 3.023105 3.013779 2.801915 2.789859 -0.021383
20.094893 1.922898 -0.000000 -0.165000 1.998148 0.000402 -0.165767 0.000425 3.019509 3.010265 2.798324 2.786350 -0.021217
20.194811 1.923238 -0.000000 -0.165000 1.998542 0.000337 -0.165766 0.000434 3.015827 3.006658 2.794647 2.782749 -0.021067
20.294747 1.923563 -0.000000 -0.165000 1.998922 0.000279 -0.165765 0.000442 3.012073 3.002972 2.790901 2.779071 -0.020931
20.394702 1.923871 -0.000000 -0.165000 1.999285 0.000225 -0.165764 0.000449 3.008263 2.999223 2.787099 2.775331 -0.020808
20.494675 1.924164 -0.000000 -0.165000 1.999634 0.000177 -0.165763 0.000456 3.004409 2.995425 2.783254 2.771543 -0.020695
20.594665 1.924440 -0.000000 -0.165000 1.999966 0.000133 -0.165762 0.000462 3.000526 2.991592 2.779381 2.767721 -0.020594
20.694672 1.924701 -0.000000 -0.165000 2.000282 0.000093 -0.165762 0.000468 2.996625 2.987737 2.775491 2.763878 -0.020502
20.794693 1.924945 -0.000000 -0.165000 2.000582 0.000057 -0.165761 0.000473 2.992720 2.983873 2.771597 2.760026 -0.020418
20.894729 1.925173 -0.000000 -0.165000 2.000865 0.000025 -0.165760 0.000478 2.988821 2.980011 2.767710 2.756177 -0.020343
20.994779 1.925386 -0.000000 -0.165000 2.001132 -0.000004 -0.165760 0.000482 2.984940 2.976164 2.763842 2.752344 -0.020274
21.094842 1.925582 -0.000000 -0.165000 2.001382 -0.000030 -0.165760 0.000487 2.981087 2.972341 2.760002 2.748535 -0.020213
21.194917 1.925764 -0.000000 -0.165000 2.001617 -0.000054 -0.165759 0.000490 2.977272 2.968553 2.756201 2.744762 -0.020157
21.295004 1.925929 -0.000000 -0.165000 2.001835 -0.000075 -0.165759 0.000494 2.973504 2.964810 2.752447 2.741034 -0.020107
21.395100 1.926080 -0.000000 -0.165000 2.002036 -0.000094 -0.165759 0.000497 2.969792 2.961120 2.748750 2.737360 -0.020061
21.495207 1.926216 -0.000000 -0.165000 2.002222 -0.000111 -0.165758 0.000500 2.966144 2.957492 2.745117 2.733748 -0.020020
21.595322 1.926337 -0.000000 -0.165000 2.002393 -0.000126 -0.165758 0.000502 2.962567 2.953933 2.741555 2.730206 -0.019984
21.695446 1.926444 -0.000000 -0.165000 2.002548 -0.000140 -0.165758 0.000504 2.959069 2.950451 2.738073 2.726740 -0.019950
21.795577 1.926538 -0.000000 -0.165000 2.002687 -0.000151 -0.165758 0.000507 2.955656 2.947053 2.734675 2.723358 -0.019920
21.895714 1.926618 -0.000000 -0.165000 2.002812 -0.000162 -0.165757 0.000508 2.952334 2.943744 2.731368 2.720065 -0.019893
21.995858 1.926686 -0.000000 -0.165000 2.002923 -0.000171 -0.165757 0.000510 2.949108 2.940529 2.728157 2.716867 -0.019869
22.096006 1.926740 -0.000000 -0.165000 2.003020 -0.000179 -0.165757 0.000512 2.945982 2.937414 2.725047 2.713768 -0.019847
22.196159 1.926783 -0.000000 -0.165000 2.003103 -0.000186 -0.165757 0.000513 2.942962 2.934403 2.722041 2.710773 -0.019827
22.296316 1.926815 -0.000000 -0.165000 2.003173 -0.000192 -0.165757 0.000514 2.940050 2.931499 2.719145 2.707886 -0.019809
22.396476 1.926835 -0.000000 -0.165000 2.003230 -0.000198 -0.165757 0.000515 2.937250 2.928707 2.716360 2.705110 -0.019793
22.496639 1.926844 -0.000000 -0.165000 2.003274 -0.000202 -0.165757 0.000516 2.934564 2.926028 2.713689 2.702447 -0.019778
22.596803 1.926844 -0.000000 -0.165000 2.003307 -0.000206 -0.165757 0.000517 2.931996 2.923466 2.711135 2.699900 -0.019765
22.696969 1.926833 -0.000000 -0.165000 2.003329 -0.000209 -0.165756 0.000518 2.929546 2.921022 2.708700 2.697471 -0.019753
22.797136 1.926814 -0.000000 -0.165000 2.003339 -0.000212 -0.165756 0.000518 2.927216 2.918697 2.706384 2.695161 -0.019742
22.897303 1.926786 -0.000000 -0.165000 2.003340 -0.000214 -0.165756 0.000519 2.925008 2.916493 2.704189 2.692971 -0.019732
22.997470 1.926750 -0.000000 -0.165000 2.003330 -0.000216 -0.165756 0.000519 2.922921 2.914410 2.702115 2.690903 -0.019723
23.097636 1.926706 -0.000000 -0.165000 2.003311 -0.000218 -0.165756 0.000520 2.920955 2.912449 2.700163 2.688955 -0.019714
23.197801 1.926656 -0.000000 -0.165000 2.003283 -0.000219 -0.165756 0.000520 2.919111 2.910609 2.698331 2.687128 -0.019705
23.297964 1.926598 -0.000000 -0.165000 2.003247 -0.000220 -0.165756 0.000520 2.917389 2.908889 2.696621 2.685421 -0.019699
23.398125 1.926535 -0.000000 -0.165000 2.003204 -0.000220 -0.165756 0.000521 2.915786 2.907290 2.695030 2.683834 -0.019691
23.498284 1.926465 -0.000000 -0.165000 2.003152 -0.000221 -0.165756 0.000521 2.914302 2.905809 2.693557 2.682365 -0.019685
23.598440 1.926391 -0.000000 -0.165000 2.003095 -0.000221 -0.165756 0.000521 2.912936 2.904446 2.692202 2.681013 -0.019679
23.698593 1.926312 -0.000000 -0.165000 2.003030 -0.000221 -0.165756 0.000521 2.911685 2.903198 2.690962 2.679776 -0.019673
23.798743 1.926229 -0.000000 -0.165000 2.002960 -0.000221 -0.165756 0.000521 2.910549 2.902064 2.689835 2.678652 -0.019667
23.898889 1.926142 -0.000000 -0.165000 2.002885 -0.000221 -0.165756 0.000521 2.909523 2.901041 2.688819 2.677639 -0.019662
23.999032 1.926052 -0.000000 -0.165000 2.002805 -0.000221 -0.165756 0.000521 2.908607 2.900128 2.687912 2.676735 -0.019657
24.099170 1.925958 -0.000000 -0.165000 2.002721 -0.000221 -0.165755 0.000521 2.907797 2.899320 2.687111 2.675936 -0.019652
24.199304 1.925863 -0.000000 -0.165000 2.002632 -0.000221 -0.165755 0.000520 2.907091 2.898617 2.686413 2.675240 -0.019647
24.299433 1.925765 -0.000000 -0.165000 2.002541 -0.000221 -0.165755 0.000520 2.906486 2.898013 2.685815 2.674645 -0.019642
24.399558 1.925666 -0.000000 -0.165000 2.002446 -0.000220 -0.165755 0.000520 2.905978 2.897508 2.685313 2.674146 -0.019637
24.499677 1.925565 -0.000000 -0.165000 2.002348 -0.000220 -0.165755 0.000520 2.905564 2.897096 2.684906 2.673741 -0.019633
24.599792 1.925463 -0.000000 -0.165000 2.002249 -0.000220 -0.165755 0.000520 2.905241 2.896775 2.684589 2.673427 -0.019628
24.699902 1.925361 -0.000000 -0.165000 2.002148 -0.000220 -0.165755 0.000519 2.905005 2.896541 2.684359 2.673199 -0.019623
24.800007 1.925258 -0.000000 -0.165000 2.002045 -0.000220 -0.165755 0.000519 2.904852 2.896391 2.684211 2.673054 -0.019619
24.900107 1.925156 -0.000000 -0.165000 2.001942 -0.000219 -0.165755 0.000519 2.904780 2.896322 2.684144 2.672988 -0.019614
25.000201 1.925053 -0.000000 -0.165000 2.001837 -0.000219 -0.165755 0.000519 2.904784 2.896328 2.684152 2.672999 -0.019609
25.100291 1.924952 -0.000000 -0.165000 2.001733 -0.000219 -0.165755 0.000518 2.904861 2.896407 2.684233 2.673082 -0.019605
25.200375 1.924851 -0.000000 -0.165000 2.001628 -0.000219 -0.165755 0.000518 2.905006 2.896555 2.684382 2.673233 -0.019600
25.300453 1.924752 -0.000000 -0.165000 2.001524 -0.000219 -0.165755 0.000518 2.905216 2.896768 2.684595 2.673448 -0.019595
25.400527 1.924654 -0.000000 -0.165000 2.001421 -0.000220 -0.165755 0.000517 2.905488 2.897041 2.684869 2.673724 -0.019592
25.500595 1.924557 -0.000000 -0.165000 2.001318 -0.000220 -0.165754 0.000517 2.905817 2.897373 2.685200 2.674058 -0.019587
25.600659 1.924462 -0.000000 -0.165000 2.001216 -0.000220 -0.165754 0.000517 2.906200 2.897758 2.685585 2.674444 -0.019583
25.700717 1.924370 -0.000000 -0.165000 2.001116 -0.000220 -0.165754 0.000517 2.906632 2.898192 2.686018 2.674880 -0.019578
25.800770 1.924279 -0.000000 -0.165000 2.001018 -0.000221 -0.165754 0.000516 2.907111 2.898673 2.686498 2.675362 -0.019574
25.900819 1.924191 -0.000000 -0.165000 2.000921 -0.000221 -0.165754 0.000516 2.907632 2.899197 2.687020 2.675886 -0.019570
26.000863 1.924105 -0.000000 -0.165000 2.000826 -0.000221 -0.165754 0.000516 2.908192 2.899759 2.687580 2.676448 -0.019565
26.100902 1.924022 -0.000000 -0.165000 2.000734 -0.000222 -0.165754 0.000516 2.908787 2.900356 2.688175 2.677045 -0.019561
26.200936 1.923942 -0.000000 -0.165000 2.000644 -0.000223 -0.165754 0.000515 2.909414 2.900985 2.688802 2.677674 -0.019557
26.300966 1.923864 -0.000000 -0.165000 2.000556 -0.000223 -0.165754 0.000515 2.910069 2.901643 2.689457 2.678331 -0.019552
26.400992 1.923789 -0.000000 -0.165000 2.000471 -0.000224 -0.165754 0.000515 2.910749 2.902326 2.690137 2.679012 -0.019548
26.501013 1.923718 -0.000000 -0.165000 2.000389 -0.000225 -0.165754 0.000515 2.911452 2.903030 2.690838 2.679715 -0.019544
26.601031 1.923649 -0.000000 -0.165000 2.000310 -0.000225 -0.165754 0.000515 2.912173 2.903753 2.691558 2.680437 -0.019540
26.701044 1.923584 -0.000000 -0.165000 2.000233 -0.000226 -0.165754 0.000514 2.912909 2.904492 2.692293 2.681174 -0.019536
26.801054 1.923521 -0.000000 -0.165000 2.000160 -0.000227 -0.165754 0.000514 2.913659 2.905244 2.693041 2.681924 -0.019532
26.901060 1.923462 -0.000000 -0.165000 2.000090 -0.000228 -0.165754 0.000514 2.914418 2.906005 2.693798 2.682683 -0.019528
27.001063 1.923406 -0.000000 -0.165000 2.000023 -0.000229 -0.165754 0.000514 2.915184 2.906773 2.694562 2.683449 -0.019525
27.101063 1.923354 -0.000000 -0.165000 1.999959 -0.000230 -0.165754 0.000514 2.915955 2.907546 2.695331 2.684219 -0.019521
27.201059 1.923304 -0.000000 -0.165000 1.999898 -0.000231 -0.165753 0.000514 2.916728 2.908321 2.696102 2.684992 -0.019517
27.301053 1.923258 -0.000000 -0.165000 1.999841 -0.000232 -0.165753 0.000514 2.917501 2.909096 2.696872 2.685763 -0.019514
27.401043 1.923215 -0.000000 -0.165000 1.999787 -0.000233 -0.165753 0.000513 2.918271 2.909868 2.697640 2.686533 -0.019510
27.501031 1.923175 -0.000000 -0.165000 1.999736 -0.000234 -0.165753 0.000513 2.919037 2.910635 2.698403 2.687297 -0.019507
27.601017 1.923138 -0.000000 -0.165000 1.999689 -0.000235 -0.165753 0.000513 2.919796 2.911396 2.699159 2.688054 -0.019504
27.701000 1.923104 -0.000000 -0.165000 1.999645 -0.000236 -0.165753 0.000513 2.920546 2.912148 2.699906 2.688803 -0.019501
27.800981 1.923073 -0.000000 -0.165000 1.999604 -0.000237 -0.165753 0.000513 2.921285 2.912889 2.700642 2.689541 -0.019498
27.900961 1.923046 -0.000000 -0.165000 1.999566 -0.000238 -0.165753 0.000513 2.922013 2.913618 2.701367 2.690267 -0.019495
28.000938 1.923021 -0.000000 -0.165000 1.999531 -0.000239 -0.165753 0.000513 2.922727 2.914333 2.702078 2.690979 -0.019492
28.100914 1.922999 -0.000000 -0.165000 1.999500 -0.000240 -0.165753 0.000513 2.923425 2.915034 2.702774 2.691676 -0.019490
28.200888 1.922979 -0.000000 -0.165000 1.999471 -0.000241 -0.165753 0.000513 2.924108 2.915717 2.703453 2.692356 -0.019487
28.300861 1.922963 -0.000000 -0.165000 1.999445 -0.000242 -0.165753 0.000513 2.924773 2.916384 2.704115 2.693019 -0.019485
28.400833 1.922949 -0.000000 -0.165000 1.999423 -0.000243 -0.165753 0.000513 2.925419 2.917031 2.704757 2.693663 -0.019482
28.500803 1.922937 -0.000000 -0.165000 1.999403 -0.000244 -0.165753 0.000513 2.926045 2.917658 2.705381 2.694287 -0.019480
28.600773 1.922928 -0.000000 -0.165000 1.999385 -0.000245 -0.165753 0.000513 2.926651 2.918265 2.705983 2.694891 -0.019478
28.700742 1.922921 -0.000000 -0.165000 1.999371 -0.000246 -0.165753 0.000513 2.927235 2.918851 2.706565 2.695473 -0.019476
28.800710 1.922917 -0.000000 -0.165000 1.999359 -0.000247 -0.165753 0.000513 2.927797 2.919414 2.707124 2.696033 -0.019474
28.900678 1.922914 -0.000000 -0.165000 1.999349 -0.000248 -0.165753 0.000513 2.928337 2.919955 2.707661 2.696570 -0.019473
29.000645 1.922914 -0.000000 -0.165000 1.999342 -0.000249 -0.165753 0.000513 2.928854 2.920472 2.708175 2.697085 -0.019471
29.100612 1.922916 -0.000000 -0.165000 1.999337 -0.000250 -0.165753 0.000513 2.929347 2.920966 2.708665 2.697576 -0.019470
29.200579 1.922919 -0.000000 -0.165000 1.999335 -0.000251 -0.165753 0.000513 2.929816 2.921437 2.709131 2.698043 -0.019468
29.300546 1.922924 -0.000000 -0.165000 1.999334 -0.000252 -0.165753 0.000513 2.930262 2.921883 2.709574 2.698486 -0.019467
29.400512 1.922931 -0.000000 -0.165000 1.999336 -0.000253 -0.165753 0.000513 2.930683 2.922305 2.709993 2.698905 -0.019466
29.500479 1.922939 -0.000000 -0.165000 1.999339 -0.000253 -0.165753 0.000513 2.931080 2.922702 2.710387 2.699300 -0.019465
29.600446 1.922949 -0.000000 -0.165000 1.999344 -0.000254 -0.165753 0.000513 2.931453 2.923076 2.710757 2.699671 -0.019464
29.700414 1.922960 -0.000000 -0.165000 1.999351 -0.000255 -0.165753 0.000513 2.931801 2.923425 2.711104 2.700017 -0.019463
29.800382 1.922973 -0.000000 -0.165000 1.999359 -0.000256 -0.165753 0.000513 2.932126 2.923750 2.711426 2.700340 -0.019462
29.900350 1.922986 -0.000000 -0.165000 1.999369 -0.000256 -0.165753 0.000513 2.932427 2.924051 2.711725 2.700639 -0.019462
30.000318 1.923001 -0.000000 -0.165000 1.999380 -0.000257 -0.165753 0.000513 2.932705 2.924329 2.712000 2.700915 -0.019461
30.100288 1.923016 -0.000000 -0.165000 1.999393 -0.000258 -0.165753 0.000513 2.932959 2.924584 2.712253 2.701167 -0.019461
30.200258 1.923033 -0.000000 -0.165000 1.999406 -0.000258 -0.165753 0.000513 2.933191 2.924816 2.712482 2.701397 -0.019460
30.300228 1.923050 -0.000000 -0.165000 1.999421 -0.000259 -0.165753 0.000514 2.933400 2.925026 2.712690 2.701605 -0.019460
30.400200 1.923068 -0.000000 -0.165000 1.999437 -0.000259 -0.165753 0.000514 2.933588 2.925213 2.712875 2.701791 -0.019460
30.500172 1.923086 -0.000000 -0.165000 1.999454 -0.000260 -0.165753 0.000514 2.933754 2.925380 2.713040 2.701955 -0.019459
30.600145 1.923105 -0.000000 -0.165000 1.999471 -0.000260 -0.165753 0.000514 2.933900 2.925525 2.713184 2.702099 -0.019460
30.700119 1.923124 -0.000000 -0.165000 1.999489 -0.000261 -0.165753 0.000514 2.934025 2.925650 2.713308 2.702223 -0.019460
30.800094 1.923144 -0.000000 -0.165000 1.999508 -0.000261 -0.165753 0.000514 2.934131 2.925756 2.713412 2.702327 -0.019460
30.900070 1.923164 -0.000000 -0.165000 1.999527 -0.000262 -0.165753 0.000514 2.934217 2.925843 2.713497 2.702412 -0.019459
31.000047 1.923184 -0.000000 -0.165000 1.999547 -0.000262 -0.165753 0.000514 2.934286 2.925911 2.713565 2.702480 -0.019460
31.100025 1.923205 -0.000000 -0.165000 1.999567 -0.000262 -0.165753 0.000514 2.934337 2.925962 2.713615 2.702529 -0.019460
31.200004 1.923225 -0.000000 -0.165000 1.999587 -0.000262 -0.165753 0.000514 2.934371 2.925997 2.713648 2.702562 -0.019460
31.299983 1.923246 -0.000000 -0.165000 1.999608 -0.000263 -0.165753 0.000514 2.934390 2.926014 2.713665 2.702579 -0.019461
31.399964 1.923266 0.000000 -0.165000 1.999629 -0.000263 -0.165753 0.000514 2.934392 2.926017 2.713667 2.702581 -0.019461
31.499946 1.923286 0.000000 -0.165000 1.999650 -0.000263 -0.165753 0.000515 2.934380 2.926005 2.713654 2.702568 -0.019460
31.599929 1.923306 0.000000 -0.165000 1.999670 -0.000263 -0.165753 0.000514 2.934355 2.925978 2.713628 2.702541 -0.019463
31.699913 1.923326 0.000000 -0.165000 1.999691 -0.000263 -0.165753 0.000515 2.934315 2.925939 2.713588 2.702502 -0.019462
31.799898 1.923346 0.000000 -0.165000 1.999712 -0.000264 -0.165753 0.000515 2.934264 2.925888 2.713536 2.702449 -0.019463
31.899885 1.923365 0.000000 -0.165000 1.999732 -0.000264 -0.165753 0.000515 2.934201 2.925824 2.713473 2.702386 -0.019464
31.999872 1.923384 0.000000 -0.165000 1.999753 -0.000264 -0.165753 0.000515 2.934127 2.925751 2.713398 2.702311 -0.019464
32.099860 1.923403 0.000000 -0.165000 1.999773 -0.000264 -0.165753 0.000515 2.934044 2.925666 2.713315 2.702227 -0.019465
32.199849 1.923421 0.000000 -0.165000 1.999792 -0.000264 -0.165753 0.000515 2.933951 2.925573 2.713221 2.702133 -0.019466
32.299839 1.923439 0.000000 -0.165000 1.999812 -0.000264 -0.165753 0.000515 2.933848 2.925471 2.713119 2.702031 -0.019465
32.399830 1.923456 0.000000 -0.165000 1.999831 -0.000264 -0.165753 0.000515 2.933738 2.925360 2.713009 2.701921 -0.019466
32.499822 1.923473 0.000000 -0.165000 1.999849 -0.000264 -0.165753 0.000515 2.933622 2.925243 2.712892 2.701803 -0.019468
32.599815 1.923489 0.000000 -0.165000 1.999867 -0.000264 -0.165753 0.000515 2.933498 2.925119 2.712768 2.701680 -0.019467
32.699809 1.923504 0.000000 -0.165000 1.999885 -0.000264 -0.165753 0.000515 2.933368 2.924989 2.712639 2.701550 -0.019468
32.799804 1.923519 0.000000 -0.165000 1.999902 -0.000264 -0.165753 0.000515 2.933234 2.924854 2.712505 2.701415 -0.019469
32.899799 1.923534 0.000000 -0.165000 1.999919 -0.000264 -0.165753 0.000515 2.933095 2.924715 2.712366 2.701276 -0.019469
32.999795 1.923548 0.000000 -0.165000 1.999934 -0.000264 -0.165753 0.000515 2.932952 2.924572 2.712223 2.701133 -0.019470
33.099792 1.923561 0.000000 -0.165000 1.999950 -0.000264 -0.165753 0.000515 2.932806 2.924425 2.712077 2.700987 -0.019471
33.199790 1.923573 0.000000 -0.165000 1.999965 -0.000263 -0.165753 0.000516 2.932657 2.924276 2.711929 2.700838 -0.019471
33.299789 1.923585 0.000000 -0.165000 1.999979 -0.000263 -0.165753 0.000516 2.932506 2.924125 2.711778 2.700687 -0.019472
33.399788 1.923597 0.000000 -0.165000 1.999992 -0.000263 -0.165753 0.000516 2.932354 2.923972 2.711626 2.700535 -0.019473
33.499788 1.923607 0.000000 -0.165000 2.000005 -0.000263 -0.165753 0.000515 2.932200 2.923818 2.711473 2.700381 -0.019474
33.599789 1.923617 0.000000 -0.165000 2.000017 -0.000263 -0.165753 0.000516 2.932046 2.923664 2.711319 2.700228 -0.019474
33.699790 1.923627 0.000000 -0.165000 2.000029 -0.000263 -0.165753 0.000516 2.931892 2.923509 2.711166 2.700074 -0.019475
33.799792 1.923635 0.000000 -0.165000 2.000040 -0.000263 -0.165753 0.000516 2.931738 2.923355 2.711013 2.699920 -0.019476
33.899794 1.923643 0.000000 -0.165000 2.000050 -0.000262 -0.165753 0.000515 2.931586 2.923202 2.710861 2.699768 -0.019477
33.999797 1.923651 0.000000 -0.165000 2.000060 -0.000262 -0.165753 0.000516 2.931434 2.923050 2.710709 2.699616 -0.019477
34.099800 1.923658 0.000000 -0.165000 2.000069 -0.000262 -0.165753 0.000516 2.931284 2.922900 2.710560 2.699467 -0.019477
34.199803 1.923664 0.000000 -0.165000 2.000077 -0.000262 -0.165753 0.000516 2.931136 2.922751 2.710412 2.699319 -0.019478
34.299807 1.923670 0.000000 -0.165000 2.000085 -0.000262 -0.165753 0.000516 2.930991 2.922605 2.710268 2.699174 -0.019479
34.399812 1.923675 0.000000 -0.165000 2.000092 -0.000261 -0.165753 0.000516 2.930847 2.922462 2.710125 2.699031 -0.019479
34.499817 1.923679 0.000000 -0.165000 2.000098 -0.000261 -0.165753 0.000516 2.930707 2.922322 2.709986 2.698892 -0.019479
34.599822 1.923683 0.000000 -0.165000 2.000104 -0.000261 -0.165753 0.000516 2.930570 2.922185 2.709849 2.698755 -0.019480
34.699827 1.923687 0.000000 -0.165000 2.000109 -0.000261 -0.165753 0.000516 2.930437 2.922051 2.709717 2.698622 -0.019481
34.799833 1.923690 0.000000 -0.165000 2.000114 -0.000261 -0.165753 0.000516 2.930307 2.921921 2.709588 2.698493 -0.019481
34.899838 1.923692 0.000000 -0.165000 2.000118 -0.000260 -0.165753 0.000516 2.930182 2.921795 2.709462 2.698367 -0.019481
34.999844 1.923694 0.000000 -0.165000 2.000122 -0.000260 -0.165753 0.000516 2.930060 2.921673 2.709341 2.698246 -0.019482
35.099851 1.923696 0.000000 -0.165000 2.000125 -0.000260 -0.165753 0.000516 2.929943 2.921555 2.709225 2.698129 -0.019483
35.199857 1.923697 0.000000 -0.165000 2.000127 -0.000260 -0.165753 0.000516 2.929829 2.921442 2.709112 2.698016 -0.019482
35.299863 1.923697 0.000000 -0.165000 2.000129 -0.000260 -0.165753 0.000516 2.929720 2.921333 2.709004 2.697908 -0.019483
35.399870 1.923697 0.000000 -0.165000 2.000131 -0.000259 -0.165753 0.000516 2.929617 2.921229 2.708900 2.697804 -0.019484
35.499876 1.923697 0.000000 -0.165000 2.000132 -0.000259 -0.165753 0.000516 2.929517 2.921129 2.708801 2.697706 -0.019483
35.599883 1.923697 0.000000 -0.165000 2.000132 -0.000259 -0.165753 0.000516 2.929422 2.921035 2.708707 2.697611 -0.019484
35.699890 1.923696 0.000000 -0.165000 2.000133 -0.000259 -0.165753 0.000516 2.929333 2.920944 2.708618 2.697522 -0.019485
35.799896 1.923694 0.000000 -0.165000 2.000133 -0.000259 -0.165753 0.000516 2.929247 2.920859 2.708533 2.697437 -0.019484
35.899903 1.923693 0.000000 -0.165000 2.000132 -0.000259 -0.165753 0.000516 2.929167 2.920779 2.708453 2.697357 -0.019484
35.999909 1.923691 0.000000 -0.165000 2.000131 -0.000258 -0.165753 0.000516 2.929092 2.920703 2.708379 2.697282 -0.019485
36.099916 1.923689 0.000000 -0.165000 2.000130 -0.000258 -0.165753 0.000516 2.929021 2.920632 2.708308 2.697212 -0.019484
36.199922 1.923686 0.000000 -0.165000 2.000128 -0.000258 -0.165753 0.000516 2.928955 2.920566 2.708243 2.697146 -0.019485
36.299929 1.923684 0.000000 -0.165000 2.000126 -0.000258 -0.165753 0.000515 2.928894 2.920505 2.708182 2.697086 -0.019486
36.399935 1.923681 0.000000 -0.165000 2.000124 -0.000258 -0.165753 0.000516 2.928837 2.920449 2.708126 2.697030 -0.019485
36.499941 1.923678 0.000000 -0.165000 2.000122 -0.000258 -0.165753 0.000516 2.928785 2.920397 2.708075 2.696978 -0.019485
36.599947 1.923675 0.000000 -0.165000 2.000119 -0.000258 -0.165753 0.000516 2.928738 2.920349 2.708028 2.696931 -0.019486
36.699953 1.923671 0.000000 -0.165000 2.000116 -0.000258 -0.165753 0.000516 2.928695 2.920307 2.707985 2.696889 -0.019485
36.799959 1.923668 0.000000 -0.165000 2.000113 -0.000257 -0.165753 0.000516 2.928657 2.920268 2.707947 2.696851 -0.019485
36.899964 1.923664 0.000000 -0.165000 2.000110 -0.000257 -0.165753 0.000515 2.928623 2.920234 2.707914 2.696817 -0.019486
36.999970 1.923660 0.000000 -0.165000 2.000106 -0.000257 -0.165753 0.000516 2.928593 2.920204 2.707884 2.696787 -0.019485
37.099975 1.923656 0.000000 -0.165000 2.000103 -0.000257 -0.165753 0.000516 2.928567 2.920178 2.707858 2.696762 -0.019485
37.199980 1.923652 0.000000 -0.165000 2.000099 -0.000257 -0.165753 0.000515 2.928545 2.920156 2.707837 2.696740 -0.019486
37.299985 1.923648 0.000000 -0.165000 2.000095 -0.000257 -0.165753 0.000516 2.928526 2.920138 2.707818 2.696722 -0.019485
37.399990 1.923644 0.000000 -0.165000 2.000091 -0.000257 -0.165753 0.000516 2.928512 2.920123 2.707804 2.696708 -0.019485
37.499994 1.923640 0.000000 -0.165000 2.000087 -0.000257 -0.165753 0.000515 2.928501 2.920112 2.707794 2.696697 -0.019486
37.599998 1.923636 0.000000 -0.165000 2.000083 -0.000257 -0.165753 0.000516 2.928493 2.920105 2.707786 2.696690 -0.019485
37.700002 1.923632 0.000000 -0.165000 2.000079 -0.000257 -0.165753 0.000515 2.928489 2.920100 2.707782 2.696685 -0.019486
37.800006 1.923628 0.000000 -0.165000 2.000075 -0.000257 -0.165753 0.000516 2.928488 2.920099 2.707781 2.696684 -0.019485
37.900010 1.923624 0.000000 -0.165000 2.000071 -0.000257 -0.165753 0.000515 2.928490 2.920101 2.707783 2.696686 -0.019486
38.000013 1.923620 0.000000 -0.165000 2.000067 -0.000257 -0.165753 0.000516 2.928494 2.920105 2.707787 2.696691 -0.019485
38.100017 1.923616 0.000000 -0.165000 2.000063 -0.000257 -0.165753 0.000515 2.928501 2.920112 2.707795 2.696698 -0.019485
38.200020 1.923612 0.000000 -0.165000 2.000058 -0.000257 -0.165753 0.000516 2.928511 2.920122 2.707804 2.696708 -0.019484
38.300022 1.923608 0.000000 -0.165000 2.000054 -0.000257 -0.165753 0.000515 2.928523 2.920134 2.707817 2.696720 -0.019486
38.400025 1.923605 0.000000 -0.165000 2.000050 -0.000256 -0.165753 0.000516 2.928537 2.920149 2.707830 2.696735 -0.019484
38.500027 1.923601 0.000000 -0.165000 2.000046 -0.000257 -0.165753 0.000516 2.928553 2.920165 2.707847 2.696751 -0.019484
38.600030 1.923597 0.000000 -0.165000 2.000042 -0.000257 -0.165753 0.000516 2.928571 2.920183 2.707865 2.696769 -0.019484
38.700032 1.923594 0.000000 -0.165000 2.000038 -0.000257 -0.165753 0.000515 2.928592 2.920203 2.707886 2.696789 -0.019486
38.800033 1.923590 0.000000 -0.165000 2.000035 -0.000256 -0.165753 0.000516 2.928612 2.920225 2.707906 2.696811 -0.019483
38.900035 1.923587 0.000000 -0.165000 2.000031 -0.000257 -0.165753 0.000516 2.928635 2.920248 2.707929 2.696834 -0.019484
39.000037 1.923584 0.000000 -0.165000 2.000027 -0.000257 -0.165753 0.000515 2.928660 2.920272 2.707954 2.696858 -0.019484
39.100038 1.923580 0.000000 -0.165000 2.000024 -0.000257 -0.165753 0.000516 2.928685 2.920298 2.707979 2.696884 -0.019483
39.200039 1.923577 0.000000 -0.165000 2.000020 -0.000257 -0.165753 0.000516 2.928712 2.920324 2.708006 2.696910 -0.019483
39.300040 1.923575 0.000000 -0.165000 2.000017 -0.000257 -0.165753 0.000515 2.928740 2.920352 2.708033 2.696938 -0.019484
39.400041 1.923572 0.000000 -0.165000 2.000014 -0.000256 -0.165753 0.000516 2.928768 2.920380 2.708061 2.696966 -0.019483
39.500041 1.923569 0.000000 -0.165000 2.000011 -0.000256 -0.165753 0.000515 2.928797 2.920409 2.708091 2.696995 -0.019484
39.600042 1.923567 0.000000 -0.165000 2.000008 -0.000256 -0.165753 0.000515 2.928826 2.920439 2.708120 2.697025 -0.019483
39.700042 1.923564 0.000000 -0.165000 2.000005 -0.000256 -0.165753 0.000515 2.928857 2.920469 2.708150 2.697054 -0.019483
39.800042 1.923562 0.000000 -0.165000 2.000002 -0.000256 -0.165753 0.000515 2.928887 2.920499 2.708180 2.697085 -0.019483
39.900042 1.923560 0.000000 -0.165000 2.000000 -0.000256 -0.165753 0.000515 2.928917 2.920530 2.708211 2.697115 -0.019483
40.000042 1.923558 0.000000 -0.165000 1.999997 -0.000256 -0.165753 0.000515 2.928948 2.920561 2.708241 2.697146 -0.019482
