dist vxRef thetaRef YRef vx theta Y steer Tfl Tfr Trl Trrr dT
0.000000 2.000000 -0.000000 0.100000 2.000000 0.000000 0.100000 0.028428 8.983563 9.000991 8.726119 8.739641 0.030950
0.099732 2.000272 -0.000000 0.100000 1.988719 0.000000 0.100000 0.015315 9.952138 9.950647 9.686848 9.680261 -0.008079
0.199713 2.000310 -0.000001 0.100000 2.012309 0.004271 0.100013 -0.009736 7.984730 7.948606 7.732702 7.691026 -0.077800
0.301059 1.998951 -0.000001 0.100000 2.041726 0.011134 0.100038 -0.002671 5.559686 5.532271 5.321745 5.290022 -0.059139
0.403699 1.996197 -0.000001 0.100000 2.063462 0.013561 0.100059 0.002374 3.671581 3.652145 3.444329 3.421545 -0.042220
0.507176 1.992450 -0.000002 0.100000 2.075091 0.012589 0.100078 0.003564 2.503806 2.486785 2.283147 2.263245 -0.036923
0.611029 1.988143 -0.000003 0.100000 2.078641 0.011953 0.100101 0.003891 1.914454 1.898311 1.697145 1.678303 -0.034986
0.714928 1.983594 -0.000005 0.100000 2.077094 0.012224 0.100125 0.003253 1.692946 1.676337 1.476981 1.457662 -0.035929
0.818682 1.978999 -0.000007 0.100000 2.072924 0.013034 0.100150 0.002104 1.663571 1.645898 1.447922 1.427430 -0.038165
0.922199 1.974459 -0.000011 0.100000 2.067731 0.013989 0.100177 0.000955 1.712238 1.693698 1.496497 1.475003 -0.040034
1.025452 1.970014 -0.000016 0.100000 2.062366 0.014751 0.100204 0.000019 1.778422 1.759530 1.562500 1.540527 -0.040866
1.128441 1.965677 -0.000024 0.100000 2.057188 0.015136 0.100232 -0.000653 1.837076 1.818383 1.621013 1.599133 -0.040573
1.231177 1.961449 -0.000036 0.100000 2.052284 0.015114 0.100260 -0.001093 1.882369 1.864325 1.666234 1.644918 -0.039360
1.333675 1.957329 -0.000055 0.100000 2.047630 0.014741 0.100286 -0.001359 1.916651 1.899562 1.700495 1.680068 -0.037515
1.435944 1.953318 -0.000082 0.100000 2.043173 0.014108 0.100312 -0.001514 1.944355 1.928392 1.728207 1.708853 -0.035317
1.537995 1.949418 -0.000124 0.100000 2.038865 0.013306 0.100336 -0.001609 1.969329 1.954551 1.753198 1.734982 -0.032994
1.639834 1.945633 -0.000185 0.099999 2.034678 0.012404 0.100359 -0.001691 1.994090 1.980470 1.777971 1.760871 -0.030721
1.741465 1.941968 -0.000278 0.099999 2.030600 0.011452 0.100379 -0.001793 2.019944 2.007392 1.803826 1.787754 -0.028623
1.842896 1.938427 -0.000417 0.099999 2.026630 0.010476 0.100399 -0.001954 2.047383 2.035753 1.831254 1.816064 -0.026820
1.944131 1.935016 -0.000624 0.099998 2.022771 0.009484 0.100416 -0.002217 2.076448 2.065537 1.860297 1.845783 -0.025425
2.045176 1.931737 -0.000934 0.099997 2.019030 0.008465 0.100431 -0.002639 2.106992 2.096522 1.890810 1.876691 -0.024588
2.146037 1.928595 -0.001396 0.099995 2.015414 0.007393 0.100444 -0.003302 2.138829 2.128422 1.922609 1.908500 -0.024515
2.246720 1.925592 -0.002086 0.099993 2.011927 0.006222 0.100455 -0.004325 2.171804 2.160936 1.955546 1.940910 -0.025504
2.347232 1.922730 -0.003116 0.099989 2.008575 0.004878 0.100464 -0.005882 2.205831 2.193760 1.989538 1.973614 -0.027995
2.447581 1.920011 -0.004650 0.099984 2.005361 0.003252 0.100470 -0.008235 2.240912 2.226568 2.024594 2.006285 -0.032653
2.547772 1.917436 -0.006935 0.099975 2.002288 0.001181 0.100471 -0.011766 2.277143 2.258979 2.060821 2.038536 -0.040450
2.647813 1.915004 -0.010337 0.099963 1.999359 -0.001578 0.100468 -0.017043 2.314758 2.290508 2.098467 2.069876 -0.052841
2.747711 1.912718 -0.015399 0.099945 1.996575 -0.005380 0.100457 -0.024909 2.354173 2.320508 2.137968 2.099648 -0.071985
2.847474 1.910575 -0.022927 0.099919 1.993938 -0.010757 0.100435 -0.036602 2.396059 2.348085 2.180028 2.126941 -0.101062
2.947108 1.908575 -0.034116 0.099879 1.991447 -0.018491 0.100400 -0.053950 2.441469 2.371973 2.225743 2.150466 -0.144774
3.046622 1.906718 -0.050735 0.099820 1.989103 -0.029739 0.100342 -0.079630 2.492000 2.390369 2.276775 2.168386 -0.210020
3.146022 1.905001 -0.075400 0.099732 1.986906 -0.046213 0.100254 -0.117548 2.550034 2.400690 2.335603 2.178065 -0.306881
3.245315 1.903424 -0.111974 0.099601 1.984854 -0.070434 0.100119 -0.173346 2.619076 2.399244 2.405868 2.175737 -0.449962
3.344510 1.901983 -0.166144 0.099408 1.982947 -0.106111 0.099916 -0.255074 2.704189 2.380793 2.492832 2.156057 -0.660171
3.443613 1.900677 -0.246248 0.099121 1.981181 -0.158677 0.099614 -0.373992 2.812545 2.338027 2.603940 2.111561 -0.966897
3.542630 1.899504 -0.364444 0.098695 1.979553 -0.236044 0.099164 -0.545348 2.954003 2.261029 2.749430 2.032122 -1.410282
3.641568 1.898460 -0.538303 0.098067 1.978056 -0.349628 0.098499 -0.788760 3.141517 2.136954 2.942745 1.904615 -2.042694
3.740431 1.897547 -0.792896 0.097139 1.976680 -0.515692 0.097520 -1.127268 3.390879 1.950484 3.200265 1.713377 -2.927282
3.839223 1.896763 -1.163268 0.095773 1.975405 -0.756930 0.096086 -1.583374 3.718809 1.686067 3.539313 1.442473 -4.129583
3.937941 1.896116 -1.696879 0.093770 1.974196 -1.104047 0.094001 -2.169544 4.138008 1.333600 3.972998 1.081470 -5.695936
4.036576 1.895618 -2.454748 0.090850 1.972995 -1.596623 0.090997 -2.870973 4.647520 0.898867 4.500176 0.636059 -7.612771
4.135103 1.895298 -3.508569 0.086631 1.971722 -2.281812 0.086726 -3.622547 5.219227 0.418285 5.091381 0.143052 -9.749271
4.233476 1.895210 -4.928976 0.080607 1.970292 -3.208591 0.080766 -4.291660 5.785987 -0.028272 5.676452 -0.316539 -11.807250
4.331621 1.895436 -6.758617 0.072156 1.968686 -4.414991 0.072647 -4.688330 6.242425 -0.318585 6.145335 -0.618593 -13.324939
4.429439 1.896090 -8.967052 0.060587 1.967073 -5.907781 0.061921 -4.617876 6.466865 -0.312715 6.371022 -0.620833 -13.771436
4.526825 1.897296 -11.398439 0.045251 1.965889 -7.639226 0.048265 -3.961895 6.358517 0.100782 6.248636 -0.209604 -12.715976
4.623708 1.899147 -13.746338 0.025752 1.965724 -9.491921 0.031592 -2.744013 5.872618 0.955890 5.732695 0.650696 -9.998727
4.720095 1.901663 -15.599505 0.002193 1.966973 -11.284028 0.012124 -1.141349 5.039715 2.177837 4.857533 1.886004 -5.833408
4.816092 1.904759 -16.567083 -0.024617 1.969514 -12.799954 -0.009590 0.565170 3.966336 3.588620 3.737262 3.317684 -0.797295
4.911896 1.908256 -16.426942 -0.053160 1.972751 -13.839247 -0.032741 2.080251 2.815579 4.956904 2.543772 4.711997 4.309549
5.007746 1.911916 -15.214557 -0.081489 1.976032 -14.267172 -0.056371 3.187867 1.767377 6.076617 1.463712 5.858927 8.704455
5.103875 1.915498 -13.206064 -0.107716 1.979040 -14.048248 -0.079523 3.807121 0.968727 6.830256 0.646632 6.636724 11.851621
5.200464 1.918802 -10.807182 -0.130463 1.981854 -13.249637 -0.101365 3.983206 0.495076 7.199248 0.166689 7.023780 13.561264
5.297620 1.921697 -8.407891 -0.149076 1.984701 -12.013874 -0.121275 3.829826 0.340823 7.229965 0.015138 7.065386 13.939389
5.395373 1.924121 -6.277991 -0.163573 1.987711 -10.514850 -0.138867 3.470602 0.440399 6.996034 0.123172 6.835784 13.268248
5.493697 1.926073 -4.541148 -0.174423 1.990857 -8.917082 -0.153970 3.008867 0.702412 6.578367 0.396795 6.417449 11.896609
5.592526 1.927590 -3.208278 -0.182292 1.994008 -7.351193 -0.166597 2.520048 1.040669 6.055679 0.747886 5.890891 10.158015
5.691777 1.928733 -2.228457 -0.187866 1.997000 -5.906229 -0.176893 2.053064 1.391618 5.496842 1.111556 5.326532 8.320199
5.791363 1.929570 -1.529489 -0.191748 1.999680 -4.632727 -0.185091 1.635063 1.717958 4.955172 1.449656 4.778792 6.566350
5.891204 1.930166 -1.041118 -0.194417 2.001948 -3.550589 -0.191467 1.277449 2.003057 4.466209 1.745092 4.283883 5.001943
5.991232 1.930577 -0.704704 -0.196236 2.003761 -2.658146 -0.196310 0.981515 2.243074 4.048793 1.993843 3.860994 3.672871
6.091392 1.930852 -0.475187 -0.197469 2.005133 -1.940409 -0.199896 0.742805 2.440440 3.708339 2.198357 3.515683 2.585225
6.191641 1.931027 -0.319610 -0.198301 2.006119 -1.375565 -0.202477 0.554137 2.599824 3.441001 2.363437 3.244128 1.721868
6.291949 1.931130 -0.214608 -0.198860 2.006792 -0.939567 -0.204268 0.407513 2.726143 3.237635 2.494194 3.037154 1.054452
6.392293 1.931180 -0.143942 -0.199236 2.007227 -0.609017 -0.205454 0.295158 2.824066 3.087001 2.595512 2.883458 0.550881
6.492659 1.931191 -0.096474 -0.199488 2.007493 -0.362762 -0.206183 0.210123 2.897888 2.977968 2.671888 2.771842 0.180035
6.593036 1.931171 -0.064629 -0.199657 2.007643 -0.182596 -0.206574 0.146490 2.951574 2.900695 2.727469 2.692393 -0.085955
6.693420 1.931125 -0.043282 -0.199771 2.007715 -0.053397 -0.206719 0.099376 2.988790 2.847081 2.766071 2.636947 -0.270832
6.793807 1.931058 -0.028980 -0.199846 2.007734 0.037068 -0.206689 0.064840 3.012872 2.810773 2.791153 2.599091 -0.394161
6.894193 1.930972 -0.019402 -0.199897 2.007717 0.098486 -0.206541 0.039818 3.026733 2.786993 2.805725 2.574000 -0.471464
6.994577 1.930868 -0.012988 -0.199931 2.007673 0.138400 -0.206312 0.021929 3.032864 2.772207 2.812351 2.558097 -0.514911
7.094959 1.930748 -0.008694 -0.199954 2.007607 0.162598 -0.206035 0.009294 3.033368 2.763790 2.813193 2.548721 -0.534050
7.195337 1.930613 -0.005820 -0.199969 2.007522 0.175478 -0.205730 0.000557 3.029877 2.759887 2.809925 2.543990 -0.535925
7.295710 1.930464 -0.003896 -0.199979 2.007419 0.180337 -0.205413 -0.005345 3.023693 2.759126 2.803880 2.542508 -0.525939
7.396077 1.930302 -0.002608 -0.199986 2.007300 0.179624 -0.205094 -0.009187 3.015793 2.760528 2.796060 2.543278 -0.508047
7.496439 1.930128 -0.001746 -0.199991 2.007166 0.175145 -0.204782 -0.011551 3.006906 2.763379 2.787210 2.545573 -0.485165
7.596793 1.929943 -0.001168 -0.199994 2.007017 0.168216 -0.204481 -0.012864 2.997559 2.767168 2.777873 2.548868 -0.459397
7.697139 1.929748 -0.000782 -0.199996 2.006855 0.159788 -0.204194 -0.013441 2.988131 2.771529 2.768433 2.552789 -0.432246
7.797477 1.929544 -0.000524 -0.199997 2.006680 0.150539 -0.203923 -0.013510 2.978880 2.776205 2.759159 2.557071 -0.404763
7.897806 1.929333 -0.000351 -0.199998 2.006494 0.140945 -0.203669 -0.013237 2.969983 2.781016 2.750231 2.561528 -0.377670
7.998126 1.929115 -0.000235 -0.199999 2.006298 0.131338 -0.203431 -0.012741 2.961555 2.785842 2.741766 2.566034 -0.351445
8.098435 1.928892 -0.000157 -0.199999 2.006093 0.121938 -0.203211 -0.012109 2.953663 2.790602 2.733836 2.570505 -0.326392
8.198734 1.928663 -0.000105 -0.199999 2.005880 0.112890 -0.203007 -0.011399 2.946345 2.795248 2.726480 2.574888 -0.302690
8.299023 1.928431 -0.000070 -0.200000 2.005660 0.104284 -0.202818 -0.010654 2.939617 2.799750 2.719713 2.579153 -0.280427
8.399300 1.928196 -0.000047 -0.200000 2.005433 0.096168 -0.202643 -0.009902 2.933475 2.804097 2.713535 2.583283 -0.259631
8.499566 1.927958 -0.000032 -0.200000 2.005202 0.088564 -0.202483 -0.009164 2.927910 2.808285 2.707934 2.587273 -0.240286
8.599820 1.927719 -0.000021 -0.200000 2.004966 0.081475 -0.202335 -0.008443 2.922893 2.812324 2.702884 2.591132 -0.222321
8.700062 1.927480 -0.000014 -0.200000 2.004728 0.074892 -0.202199 -0.007775 2.918424 2.816200 2.698383 2.594842 -0.205764
8.800292 1.927241 -0.000009 -0.200000 2.004487 0.068798 -0.202074 -0.007134 2.914453 2.819944 2.694383 2.598435 -0.190456
8.900511 1.927003 -0.000006 -0.200000 2.004244 0.063167 -0.201960 -0.006532 2.910958 2.823563 2.690861 2.601915 -0.176341
9.000717 1.926766 -0.000004 -0.200000 2.004001 0.057972 -0.201854 -0.005973 2.907915 2.827064 2.687791 2.605289 -0.163354
9.100911 1.926531 -0.000003 -0.200000 2.003758 0.053188 -0.201758 -0.005453 2.905291 2.830460 2.685144 2.608569 -0.151406
9.201092 1.926299 -0.000002 -0.200000 2.003515 0.048785 -0.201669 -0.004971 2.903060 2.833762 2.682890 2.611764 -0.140424
9.301262 1.926071 -0.000001 -0.200000 2.003274 0.044737 -0.201588 -0.004526 2.901195 2.836979 2.681003 2.614882 -0.130337
9.401420 1.925846 -0.000001 -0.200000 2.003035 0.041018 -0.201513 -0.004114 2.899668 2.840119 2.679457 2.617932 -0.121073
9.501566 1.925625 -0.000001 -0.200000 2.002799 0.037603 -0.201445 -0.003735 2.898456 2.843191 2.678226 2.620920 -0.112572
9.601700 1.925410 -0.000000 -0.200000 2.002566 0.034468 -0.201382 -0.003387 2.897535 2.846200 2.677287 2.623851 -0.104770
9.701822 1.925199 -0.000000 -0.200000 2.002337 0.031591 -0.201324 -0.003067 2.896881 2.849152 2.676616 2.626732 -0.097613
9.801933 1.924994 -0.000000 -0.200000 2.002112 0.028951 -0.201271 -0.002773 2.896474 2.852052 2.676193 2.629566 -0.091048
9.902034 1.924794 -0.000000 -0.200000 2.001892 0.026530 -0.201223 -0.002503 2.896292 2.854904 2.675995 2.632356 -0.085027
10.002123 1.924601 -0.000000 -0.200000 2.001677 0.024309 -0.201179 -0.002256 2.896317 2.857709 2.676005 2.635104 -0.079508
10.102201 1.924414 -0.000000 -0.200000 2.001468 0.022273 -0.201138 -0.002027 2.896528 2.860473 2.676202 2.637815 -0.074442
10.202270 1.924234 -0.000000 -0.200000 2.001265 0.020405 -0.201101 -0.001818 2.896909 2.863195 2.676570 2.640488 -0.069796
10.302328 1.924061 -0.000000 -0.200000 2.001067 0.018692 -0.201067 -0.001628 2.897446 2.865876 2.677093 2.643123 -0.065541
10.402377 1.923895 -0.000000 -0.200000 2.000877 0.017122 -0.201035 -0.001452 2.898120 2.868518 2.677754 2.645722 -0.061635
10.502416 1.923736 -0.000000 -0.200000 2.000693 0.015682 -0.201006 -0.001290 2.898917 2.871120 2.678539 2.648284 -0.058052
10.602446 1.923584 -0.000000 -0.200000 2.000515 0.014361 -0.200980 -0.001144 2.899826 2.873682 2.679435 2.650808 -0.054771
10.702467 1.923440 -0.000000 -0.200000 2.000346 0.013151 -0.200956 -0.001008 2.900829 2.876204 2.680427 2.653294 -0.051758
10.802481 1.923303 -0.000000 -0.200000 2.000183 0.012040 -0.200934 -0.000884 2.901919 2.878684 2.681505 2.655741 -0.048999
10.902486 1.923173 -0.000000 -0.200000 2.000028 0.011022 -0.200913 -0.000770 2.903081 2.881122 2.682655 2.658148 -0.046466
11.002484 1.923051 -0.000000 -0.200000 1.999880 0.010088 -0.200895 -0.000666 2.904306 2.883516 2.683869 2.660512 -0.044146
11.102474 1.922937 -0.000000 -0.200000 1.999740 0.009232 -0.200878 -0.000570 2.905582 2.885866 2.685134 2.662834 -0.042016
11.202458 1.922830 -0.000000 -0.200000 1.999607 0.008447 -0.200862 -0.000483 2.906902 2.888169 2.686442 2.665111 -0.040065
11.302435 1.922730 -0.000000 -0.200000 1.999482 0.007727 -0.200847 -0.000402 2.908254 2.890424 2.687784 2.667341 -0.038273
11.402406 1.922638 -0.000000 -0.200000 1.999365 0.007067 -0.200834 -0.000329 2.909633 2.892630 2.689152 2.669522 -0.036633
11.502372 1.922553 -0.000000 -0.200000 1.999256 0.006461 -0.200822 -0.000261 2.911028 2.894784 2.690537 2.671655 -0.035126
11.602332 1.922475 -0.000000 -0.200000 1.999153 0.005905 -0.200811 -0.000200 2.912435 2.896886 2.691933 2.673735 -0.033746
11.702287 1.922404 -0.000000 -0.200000 1.999059 0.005396 -0.200801 -0.000143 2.913844 2.898934 2.693331 2.675762 -0.032479
11.802238 1.922341 -0.000000 -0.200000 1.998972 0.004929 -0.200792 -0.000091 2.915251 2.900926 2.694729 2.677735 -0.031319
11.902184 1.922283 -0.000000 -0.200000 1.998892 0.004500 -0.200783 -0.000043 2.916649 2.902862 2.696117 2.679652 -0.030253
12.002127 1.922233 -0.000000 -0.200000 1.998819 0.004107 -0.200775 0.000001 2.918034 2.904739 2.697492 2.681511 -0.029276
12.102067 1.922189 -0.000000 -0.200000 1.998753 0.003746 -0.200768 0.000041 2.919400 2.906556 2.698848 2.683312 -0.028380
12.202003 1.922151 -0.000000 -0.200000 1.998694 0.003415 -0.200761 0.000078 2.920743 2.908314 2.700182 2.685053 -0.027558
12.301936 1.922119 -0.000000 -0.200000 1.998642 0.003111 -0.200755 0.000111 2.922059 2.910009 2.701489 2.686733 -0.026806
12.401867 1.922093 -0.000000 -0.200000 1.998597 0.002833 -0.200750 0.000143 2.923344 2.911643 2.702765 2.688352 -0.026114
12.501796 1.922072 -0.000000 -0.200000 1.998558 0.002577 -0.200745 0.000171 2.924595 2.913213 2.704006 2.689908 -0.025480
12.601723 1.922057 -0.000000 -0.200000 1.998525 0.002343 -0.200740 0.000197 2.925809 2.914720 2.705212 2.691401 -0.024900
12.701649 1.922048 -0.000000 -0.200000 1.998497 0.002128 -0.200736 0.000221 2.926983 2.916163 2.706377 2.692831 -0.024367
12.801573 1.922043 -0.000000 -0.200000 1.998476 0.001930 -0.200732 0.000243 2.928115 2.917541 2.707501 2.694197 -0.023878
12.901496 1.922043 0.000000 -0.200000 1.998460 0.001749 -0.200728 0.000263 2.929203 2.918855 2.708581 2.695499 -0.023430
13.001419 1.922047 0.000000 -0.200000 1.998450 0.001583 -0.200725 0.000282 2.930245 2.920104 2.709615 2.696737 -0.023018
13.101341 1.922056 0.000000 -0.200000 1.998445 0.001430 -0.200722 0.000299 2.931240 2.921289 2.710603 2.697911 -0.022641
13.201264 1.922068 0.000000 -0.200000 1.998444 0.001291 -0.200719 0.000314 2.932186 2.922410 2.711542 2.699022 -0.022296
13.301186 1.922085 0.000000 -0.200000 1.998448 0.001162 -0.200717 0.000329 2.933083 2.923467 2.712432 2.700069 -0.021978
13.401108 1.922105 0.000000 -0.200000 1.998456 0.001044 -0.200714 0.000344 2.933929 2.924462 2.713271 2.701055 -0.021684
13.501032 1.922128 0.000000 -0.200000 1.998469 0.000936 -0.200712 0.000365 2.934721 2.925398 2.714056 2.701982 -0.021397
13.600955 1.922155 0.000000 -0.200000 1.998485 0.000837 -0.200710 0.000418 2.935443 2.926291 2.714770 2.702867 -0.021055
13.700880 1.922184 0.000002 -0.200000 1.998506 0.000748 -0.200708 0.000639 2.936019 2.927220 2.715335 2.703790 -0.020344
13.800806 1.922216 0.000008 -0.200000 1.998529 0.000675 -0.200707 0.001690 2.936073 2.928566 2.715360 2.705137 -0.017729
13.900733 1.922250 0.000039 -0.200000 1.998556 0.000648 -0.200705 0.006850 2.933750 2.932215 2.712912 2.708824 -0.005623
14.000662 1.922287 0.000191 -0.200000 1.998585 0.000826 -0.200703 0.032303 2.919886 2.947469 2.698456 2.724292 0.053420
14.100592 1.922326 0.000945 -0.200000 1.998618 0.001986 -0.200698 0.157138 2.849710 3.019777 2.625396 2.797680 0.342350
14.200524 1.922366 0.004676 -0.199998 1.998653 0.007982 -0.200677 0.749027 2.515322 3.360353 2.277356 3.143406 1.711083
14.300457 1.922408 0.023130 -0.199990 1.998685 0.037705 -0.200579 3.131127 1.173702 4.728037 0.880867 4.531960 7.205428
14.400388 1.922456 0.114242 -0.199949 1.998610 0.180671 -0.200112 8.313831 -1.671650 7.700274 -2.083029 7.551790 19.006742
14.500247 1.922581 0.558732 -0.199751 1.996675 0.795198 -0.198089 9.998774 -3.409666 9.865781 -3.897564 9.776573 26.949584
14.599640 1.923186 2.600041 -0.198797 1.985148 2.500283 -0.192227 9.440487 -2.668157 9.467174 -3.109329 9.431948 24.676607
14.698060 1.924820 10.427299 -0.194401 1.976260 5.528598 -0.180650 2.311012 -0.306257 7.658829 -0.612492 7.625210 16.202789
14.795430 1.927608 25.668119 -0.176695 1.974991 9.164818 -0.163455 -4.399042 3.318932 6.174469 3.142572 6.054451 5.767416
14.892400 1.930942 27.491934 -0.130073 1.982639 11.921281 -0.143490 -7.222465 7.900056 2.949440 7.822736 2.703645 -10.069707
14.989579 1.934216 12.581127 -0.079201 1.983300 12.774615 -0.123743 -6.572699 10.746517 -0.276481 10.695308 -0.595375 -22.313681
15.087321 1.937054 3.277144 -0.057216 1.984881 11.630903 -0.106526 -4.511927 10.015141 -0.722414 9.929338 -1.033256 -21.700149
15.185792 1.939259 0.705109 -0.051542 1.993096 9.413957 -0.092115 -3.168658 8.389748 -0.050329 8.268100 -0.343967 -17.052144
15.285007 1.940777 0.144167 -0.050316 2.002109 7.131788 -0.080203 -2.360927 6.994710 0.674179 6.846947 0.392466 -12.775012
15.384837 1.941702 0.029045 -0.050064 2.008349 5.246810 -0.070719 -1.716128 5.838779 1.289553 5.670255 1.019571 -9.199910
15.485112 1.942181 0.005814 -0.050013 2.012573 3.789161 -0.063556 -1.228054 4.941401 1.745018 4.757403 1.485017 -6.468769
15.585681 1.942343 0.001160 -0.050003 2.015476 2.689242 -0.058341 -0.877600 4.274769 2.061116 4.079880 1.808889 -4.484643
15.686436 1.942286 0.000231 -0.050001 2.017361 1.878029 -0.054626 -0.623588 3.789914 2.284654 3.587305 2.038452 -3.054112
15.787299 1.942079 0.000046 -0.050000 2.018455 1.289375 -0.052036 -0.440042 3.446400 2.447443 3.238287 2.205846 -2.031398
15.888220 1.941770 0.000009 -0.050000 2.018968 0.866769 -0.050269 -0.308440 3.209111 2.568326 2.997078 2.330205 -1.307657
15.989165 1.941391 0.000002 -0.050000 2.019081 0.566194 -0.049096 -0.214475 3.048122 2.658402 2.833298 2.422904 -0.800114
16.090113 1.940961 0.000000 -0.050000 2.018936 0.354353 -0.048346 -0.147572 2.939985 2.724563 2.723183 2.491060 -0.447544
16.191052 1.940493 0.000000 -0.050000 2.018634 0.206473 -0.047894 -0.100139 2.867595 2.771648 2.649406 2.539684 -0.205668
16.291973 1.939996 0.000000 -0.050000 2.018240 0.104394 -0.047649 -0.066661 2.819047 2.803630 2.599897 2.572873 -0.042441
16.392874 1.939474 0.000000 -0.050000 2.017789 0.034930 -0.047546 -0.043107 2.786329 2.824000 2.566526 2.594210 0.065356
16.493751 1.938931 0.000000 -0.050000 2.017302 -0.011438 -0.047538 -0.026652 2.764258 2.835712 2.544023 2.606710 0.134142
16.594604 1.938370 0.000000 -0.050000 2.016789 -0.041539 -0.047594 -0.015240 2.749459 2.841239 2.528949 2.612890 0.175720
16.695430 1.937793 0.000000 -0.050000 2.016254 -0.060254 -0.047689 -0.007386 2.739721 2.842554 2.519045 2.614756 0.198543
16.796228 1.937202 0.000000 -0.050000 2.015700 -0.071065 -0.047808 -0.002060 2.733595 2.841132 2.512830 2.613805 0.208512
16.896999 1.936601 0.000000 -0.050000 2.015128 -0.076442 -0.047940 0.001481 2.730090 2.838060 2.509288 2.611140 0.209823
16.997741 1.935990 0.000000 -0.050000 2.014541 -0.078130 -0.048076 0.003771 2.728508 2.834108 2.507704 2.607542 0.205438
17.098453 1.935374 0.000000 -0.050000 2.013940 -0.077365 -0.048213 0.005185 2.728354 2.829803 2.507570 2.603550 0.197431
17.199134 1.934752 0.000000 -0.050000 2.013327 -0.075011 -0.048347 0.005993 2.729267 2.825503 2.508518 2.599527 0.187245
17.299785 1.934128 0.000000 -0.050000 2.012705 -0.071676 -0.048475 0.006384 2.730989 2.821440 2.510283 2.595711 0.175879
17.400404 1.933504 0.000000 -0.050000 2.012076 -0.067778 -0.048597 0.006492 2.733331 2.817762 2.512673 2.592254 0.164012
17.500992 1.932881 -0.000000 -0.050000 2.011443 -0.063607 -0.048711 0.006413 2.736157 2.814559 2.515548 2.589249 0.152102
17.601549 1.932261 -0.000000 -0.050000 2.010807 -0.059356 -0.048818 0.006216 2.739367 2.811883 2.518806 2.586752 0.140462
17.702073 1.931646 -0.000000 -0.050000 2.010170 -0.055156 -0.048918 0.005944 2.742892 2.809754 2.522377 2.584783 0.129269
17.802566 1.931037 -0.000000 -0.050000 2.009534 -0.051090 -0.049010 0.005628 2.746681 2.808175 2.526211 2.583349 0.118632
17.903026 1.930437 -0.000000 -0.050000 2.008902 -0.047209 -0.049095 0.005292 2.750695 2.807137 2.530266 2.582443 0.108618
18.003456 1.929845 -0.000000 -0.050000 2.008274 -0.043542 -0.049174 0.004951 2.754905 2.806625 2.534514 2.582049 0.099255
18.103854 1.929264 -0.000000 -0.050000 2.007653 -0.040104 -0.049246 0.004617 2.759286 2.806616 2.538928 2.582146 0.090548
18.204221 1.928695 -0.000000 -0.050000 2.007039 -0.036898 -0.049313 0.004291 2.763823 2.807077 2.543496 2.582704 0.082461
18.304558 1.928138 -0.000000 -0.050000 2.006435 -0.033921 -0.049374 0.003982 2.768496 2.807986 2.548196 2.583699 0.074993
18.404865 1.927596 -0.000000 -0.050000 2.005842 -0.031165 -0.049430 0.003688 2.773294 2.809307 2.553017 2.585096 0.068092
18.505142 1.927068 -0.000000 -0.050000 2.005260 -0.028619 -0.049482 0.003404 2.778205 2.811007 2.557949 2.586864 0.061718
18.605391 1.926556 -0.000000 -0.050000 2.004692 -0.026274 -0.049529 0.003102 2.783233 2.813038 2.562995 2.588956 0.055765
18.705612 1.926060 -0.000002 -0.050000 2.004137 -0.024116 -0.049572 0.002632 2.788451 2.815284 2.568232 2.591254 0.049854
18.805805 1.925581 -0.000009 -0.050000 2.003598 -0.022141 -0.049612 0.001259 2.794262 2.817293 2.574081 2.593301 0.042252
18.905972 1.925120 -0.000042 -0.050000 2.003074 -0.020372 -0.049649 -0.004657 2.802713 2.816946 2.582672 2.592945 0.024506
19.006113 1.924676 -0.000210 -0.050000 2.002567 -0.018972 -0.049683 -0.033084 2.823966 2.803890 2.604582 2.579680 -0.044978
19.106229 1.924252 -0.001039 -0.050000 2.002077 -0.018793 -0.049718 -0.171750 2.907668 2.727705 2.691481 2.502321 -0.369123
19.206321 1.923846 -0.005150 -0.050002 2.001605 -0.024103 -0.049768 -0.825631 3.282989 2.356021 3.081878 2.124976 -1.883871
19.306390 1.923459 -0.025514 -0.050011 2.001145 -0.055862 -0.049902 -3.398930 4.743270 0.889727 4.601475 0.636223 -7.818794
19.406431 1.923098 -0.126134 -0.050056 2.000566 -0.212946 -0.050442 -8.646099 7.717139 -2.015879 7.696496 -2.316640 -19.746154
19.506362 1.922846 -0.616437 -0.050275 1.997811 -0.882125 -0.052671 -9.997966 9.670254 -3.520234 9.729206 -3.865625 -26.785319
19.605771 1.923130 -2.854220 -0.051326 1.985200 -2.667270 -0.058864 -9.161343 9.332394 -2.663326 9.362019 -3.043948 -24.401687
19.704153 1.924495 -11.250105 -0.056150 1.976483 -5.760340 -0.070840 -1.857967 7.595695 -0.139603 7.490285 -0.514636 -15.740220
19.801504 1.926999 -26.454311 -0.075298 1.975924 -9.379024 -0.088309 4.730887 6.059126 3.645234 5.768220 3.307053 -4.875059
19.898484 1.930019 -26.817414 -0.123585 1.983138 -12.043998 -0.108373 7.267368 2.720903 8.187434 2.312645 7.950663 11.104548
19.995692 1.932958 -11.697060 -0.173030 1.983288 -12.771690 -0.128045 6.474072 -0.449272 10.748462 -0.859797 10.598886 22.656418
20.093468 1.935457 -2.986707 -0.193431 1.984986 -11.525865 -0.145091 4.391185 -0.772196 9.816644 -1.127411 9.674957 21.391208
20.191962 1.937330 -0.639615 -0.198601 1.993032 -9.276335 -0.159349 3.110799 -0.092502 8.202775 -0.410617 8.047117 16.753011
20.291174 1.938542 -0.130745 -0.199714 2.001452 -7.010352 -0.171120 2.325509 0.629329 6.835480 0.335047 6.666649 12.537753
20.390968 1.939197 -0.026369 -0.199942 2.007084 -5.154747 -0.180464 1.687773 1.246764 5.703739 0.972240 5.522600 9.007335
20.491175 1.939437 -0.005287 -0.199988 2.010816 -3.721458 -0.187500 1.208357 1.703366 4.830954 1.443994 4.640048 6.323643
20.591652 1.939391 -0.001056 -0.199998 2.013318 -2.640400 -0.192615 0.864256 2.021644 4.184464 1.773447 3.986498 4.375870
20.692293 1.939152 -0.000211 -0.200000 2.014869 -1.843672 -0.196255 0.614463 2.248074 3.715129 2.008125 3.511966 2.970895
20.793026 1.938786 -0.000042 -0.200000 2.015685 -1.265695 -0.198792 0.433974 2.413994 3.383752 2.180035 3.176691 1.966414
20.893803 1.938338 -0.000008 -0.200000 2.015966 -0.850781 -0.200521 0.304542 2.538010 3.155951 2.308334 2.945930 1.255537
20.994593 1.937838 -0.000002 -0.200000 2.015883 -0.555680 -0.201668 0.212070 2.631252 3.002500 2.404608 2.790203 0.756843
21.095377 1.937305 -0.000000 -0.200000 2.015571 -0.347679 -0.202401 0.146194 2.700630 2.900560 2.476121 2.686496 0.410305
21.196144 1.936750 -0.000000 -0.200000 2.015126 -0.202459 -0.202842 0.099472 2.750996 2.833472 2.527983 2.618027 0.172520
21.296887 1.936181 -0.000000 -0.200000 2.014608 -0.102203 -0.203080 0.066475 2.786328 2.789613 2.564361 2.573079 0.012004
21.397604 1.935602 -0.000000 -0.200000 2.014053 -0.033973 -0.203179 0.043264 2.810078 2.761172 2.588840 2.543774 -0.093972
21.498292 1.935016 -0.000000 -0.200000 2.013478 0.011572 -0.203185 0.027030 2.825189 2.743052 2.604457 2.524960 -0.161634
21.598951 1.934426 -0.000000 -0.200000 2.012893 0.041136 -0.203129 0.015781 2.834072 2.731964 2.613690 2.513308 -0.202489
21.699581 1.933832 -0.000000 -0.200000 2.012301 0.059514 -0.203034 0.008040 2.838675 2.725725 2.618533 2.506603 -0.224880
21.800181 1.933238 -0.000000 -0.200000 2.011704 0.070123 -0.202916 0.002789 2.840453 2.722901 2.620471 2.503390 -0.234632
21.900751 1.932645 -0.000000 -0.200000 2.011104 0.075392 -0.202786 -0.000707 2.840468 2.722514 2.620592 2.502672 -0.235874
22.001291 1.932053 -0.000000 -0.200000 2.010500 0.077039 -0.202651 -0.002956 2.839465 2.723887 2.619655 2.503760 -0.231474
22.101801 1.931466 -0.000000 -0.200000 2.009896 0.076274 -0.202515 -0.004354 2.837981 2.726512 2.618210 2.506136 -0.223542
22.202281 1.930884 -0.000000 -0.200000 2.009292 0.073950 -0.202383 -0.005153 2.836355 2.730044 2.616604 2.509450 -0.213466
22.302730 1.930309 0.000000 -0.200000 2.008691 0.070663 -0.202256 -0.005541 2.834819 2.734228 2.615074 2.513439 -0.202225
22.403150 1.929743 0.000000 -0.200000 2.008093 0.066824 -0.202136 -0.005651 2.833516 2.738878 2.613768 2.517914 -0.190493
22.503539 1.929186 0.000000 -0.200000 2.007500 0.062714 -0.202023 -0.005577 2.832538 2.743861 2.612781 2.522739 -0.178719
22.603900 1.928639 0.000000 -0.200000 2.006914 0.058527 -0.201917 -0.005389 2.831938 2.749078 2.612166 2.527812 -0.167215
22.704231 1.928105 0.000000 -0.200000 2.006337 0.054390 -0.201818 -0.005121 2.831730 2.754470 2.611941 2.533071 -0.156130
22.804534 1.927583 0.000000 -0.200000 2.005769 0.050382 -0.201727 -0.004809 2.831923 2.759982 2.612115 2.538463 -0.145593
22.904808 1.927075 0.000000 -0.200000 2.005211 0.046556 -0.201642 -0.004491 2.832522 2.765569 2.612694 2.543939 -0.135708
23.005055 1.926581 0.000000 -0.200000 2.004666 0.042941 -0.201564 -0.004155 2.833492 2.771223 2.613643 2.549489 -0.126424
23.105275 1.926103 0.000000 -0.200000 2.004133 0.039548 -0.201492 -0.003827 2.834825 2.776912 2.614954 2.555082 -0.117785
23.205468 1.925641 0.000000 -0.200000 2.003615 0.036383 -0.201426 -0.003510 2.836494 2.782622 2.616601 2.560702 -0.109772
23.305637 1.925195 0.000000 -0.200000 2.003111 0.033442 -0.201365 -0.003207 2.838474 2.788340 2.618559 2.566337 -0.102356
23.405780 1.924766 0.000000 -0.200000 2.002622 0.030717 -0.201309 -0.002921 2.840738 2.794055 2.620800 2.571973 -0.095509
23.505899 1.924355 0.000000 -0.200000 2.002150 0.028200 -0.201258 -0.002653 2.843258 2.799757 2.623297 2.577601 -0.089197
23.605995 1.923961 0.000000 -0.200000 2.001694 0.025878 -0.201211 -0.002404 2.846008 2.805436 2.626025 2.583211 -0.083386
23.706069 1.923586 0.000000 -0.200000 2.001256 0.023739 -0.201168 -0.002172 2.848962 2.811085 2.628956 2.588794 -0.078040
23.806121 1.923229 0.000000 -0.200000 2.000835 0.021770 -0.201128 -0.001957 2.852095 2.816694 2.632065 2.594340 -0.073126
23.906153 1.922890 0.000000 -0.200000 2.000433 0.019961 -0.201091 -0.001759 2.855381 2.822256 2.635329 2.599843 -0.068611
24.006165 1.922570 0.000000 -0.200000 2.000049 0.018297 -0.201058 -0.001576 2.858798 2.827763 2.638723 2.605293 -0.064465
24.106158 1.922269 0.000000 -0.200000 1.999683 0.016770 -0.201027 -0.001407 2.862323 2.833206 2.642225 2.610683 -0.060658
24.206134 1.921986 0.000000 -0.200000 1.999337 0.015367 -0.200999 -0.001252 2.865936 2.838580 2.645814 2.616006 -0.057164
24.306092 1.921721 0.000000 -0.200000 1.999009 0.014079 -0.200973 -0.001110 2.869615 2.843876 2.649471 2.621253 -0.053958
24.406035 1.921476 0.000000 -0.200000 1.998700 0.012897 -0.200949 -0.000979 2.873343 2.849087 2.653176 2.626417 -0.051016
24.505963 1.921248 0.000000 -0.200000 1.998410 0.011812 -0.200928 -0.000859 2.877102 2.854207 2.656912 2.631491 -0.048316
24.605876 1.921038 0.000000 -0.200000 1.998139 0.010817 -0.200908 -0.000749 2.880875 2.859228 2.660662 2.636470 -0.045839
24.705777 1.920846 0.000000 -0.200000 1.997887 0.009903 -0.200889 -0.000647 2.884647 2.864146 2.664411 2.641346 -0.043567
24.805665 1.920671 0.000000 -0.200000 1.997653 0.009065 -0.200873 -0.000555 2.888403 2.868952 2.668145 2.646112 -0.041483
24.905543 1.920514 0.000000 -0.200000 1.997438 0.008296 -0.200857 -0.000469 2.892130 2.873643 2.671849 2.650765 -0.039571
25.005410 1.920373 0.000000 -0.200000 1.997241 0.007590 -0.200843 -0.000391 2.895815 2.878213 2.675513 2.655298 -0.037817
25.105267 1.920249 0.000000 -0.200000 1.997061 0.006942 -0.200830 -0.000319 2.899448 2.882657 2.679123 2.659706 -0.036208
25.205116 1.920140 0.000000 -0.200000 1.996899 0.006348 -0.200818 -0.000253 2.903017 2.886970 2.682670 2.663985 -0.034732
25.304957 1.920047 0.000000 -0.200000 1.996754 0.005802 -0.200807 -0.000193 2.906512 2.891149 2.686144 2.668130 -0.033378
25.404792 1.919969 0.000000 -0.200000 1.996626 0.005302 -0.200797 -0.000138 2.909926 2.895189 2.689537 2.672138 -0.032135
25.504620 1.919905 0.000000 -0.200000 1.996514 0.004842 -0.200788 -0.000087 2.913250 2.899088 2.692840 2.676006 -0.030996
25.604444 1.919855 0.000000 -0.200000 1.996418 0.004421 -0.200780 -0.000040 2.916477 2.902842 2.696047 2.679731 -0.029951
25.704263 1.919818 0.000000 -0.200000 1.996337 0.004034 -0.200772 0.000003 2.919601 2.906450 2.699151 2.683310 -0.028992
25.804078 1.919795 0.000000 -0.200000 1.996270 0.003678 -0.200765 0.000042 2.922617 2.909909 2.702146 2.686741 -0.028113
25.903890 1.919783 0.000000 -0.200000 1.996218 0.003352 -0.200759 0.000078 2.925518 2.913217 2.705028 2.690023 -0.027306
26.003700 1.919784 0.000000 -0.200000 1.996180 0.003053 -0.200753 0.000112 2.928302 2.916374 2.707793 2.693154 -0.026567
26.103508 1.919795 0.000000 -0.200000 1.996154 0.002778 -0.200747 0.000142 2.930964 2.919378 2.710437 2.696134 -0.025888
26.203316 1.919817 0.000000 -0.200000 1.996142 0.002526 -0.200742 0.000170 2.933502 2.922230 2.712957 2.698963 -0.025266
26.303123 1.919849 0.000000 -0.200000 1.996141 0.002294 -0.200738 0.000196 2.935913 2.924930 2.715351 2.701639 -0.024696
26.402930 1.919890 0.000000 -0.200000 1.996152 0.002081 -0.200734 0.000219 2.938196 2.927477 2.717617 2.704164 -0.024172
26.502738 1.919941 0.000000 -0.200000 1.996173 0.001886 -0.200730 0.000241 2.940350 2.929872 2.719754 2.706539 -0.023693
26.602547 1.919999 0.000000 -0.200000 1.996205 0.001707 -0.200726 0.000261 2.942373 2.932117 2.721761 2.708764 -0.023253
26.702359 1.920065 0.000000 -0.200000 1.996246 0.001542 -0.200723 0.000279 2.944265 2.934213 2.723639 2.710841 -0.022850
26.802172 1.920138 0.000000 -0.200000 1.996297 0.001391 -0.200720 0.000296 2.946027 2.936161 2.725386 2.712772 -0.022480
26.901989 1.920218 0.000000 -0.200000 1.996356 0.001252 -0.200717 0.000312 2.947659 2.937965 2.727004 2.714558 -0.022141
27.001808 1.920304 0.000000 -0.200000 1.996422 0.001125 -0.200715 0.000326 2.949163 2.939625 2.728495 2.716202 -0.021831
27.101631 1.920395 0.000000 -0.200000 1.996496 0.001008 -0.200713 0.000339 2.950540 2.941145 2.729858 2.717707 -0.021546
27.201458 1.920491 0.000000 -0.200000 1.996577 0.000901 -0.200711 0.000351 2.951791 2.942528 2.731098 2.719074 -0.021286
27.301289 1.920591 0.000000 -0.200000 1.996664 0.000802 -0.200709 0.000362 2.952918 2.943776 2.732214 2.720309 -0.021048
27.401124 1.920695 0.000000 -0.200000 1.996756 0.000712 -0.200707 0.000373 2.953925 2.944892 2.733209 2.721412 -0.020829
27.500965 1.920803 0.000000 -0.200000 1.996853 0.000629 -0.200705 0.000382 2.954813 2.945881 2.734087 2.722389 -0.020629
27.600810 1.920913 0.000000 -0.200000 1.996955 0.000552 -0.200704 0.000391 2.955585 2.946746 2.734849 2.723243 -0.020446
27.700660 1.921026 0.000000 -0.200000 1.997061 0.000483 -0.200703 0.000399 2.956245 2.947491 2.735500 2.723977 -0.020278
27.800516 1.921141 0.000000 -0.200000 1.997171 0.000418 -0.200701 0.000406 2.956796 2.948119 2.736043 2.724595 -0.020125
27.900377 1.921257 0.000000 -0.200000 1.997283 0.000360 -0.200700 0.000413 2.957242 2.948635 2.736480 2.725102 -0.019985
28.000244 1.921375 0.000000 -0.200000 1.997398 0.000306 -0.200699 0.000420 2.957585 2.949043 2.736816 2.725501 -0.019856
28.100117 1.921493 0.000000 -0.200000 1.997515 0.000256 -0.200698 0.000425 2.957830 2.949347 2.737054 2.725797 -0.019740
28.199996 1.921612 0.000000 -0.200000 1.997633 0.000211 -0.200698 0.000430 2.957981 2.949552 2.737199 2.725995 -0.019633
28.299880 1.921730 0.000000 -0.200000 1.997753 0.000170 -0.200697 0.000435 2.958041 2.949661 2.737253 2.726098 -0.019535
28.399771 1.921848 0.000000 -0.200000 1.997873 0.000131 -0.200696 0.000440 2.958016 2.949681 2.737223 2.726112 -0.019446
28.499668 1.921965 0.000000 -0.200000 1.997994 0.000097 -0.200696 0.000444 2.957908 2.949614 2.737110 2.726040 -0.019364
28.599571 1.922082 0.000000 -0.200000 1.998115 0.000065 -0.200695 0.000449 2.957722 2.949467 2.736920 2.725888 -0.019286
28.699479 1.922197 0.000000 -0.200000 1.998235 0.000036 -0.200694 0.000451 2.957464 2.949241 2.736658 2.725658 -0.019223
28.799394 1.922310 0.000000 -0.200000 1.998355 0.000009 -0.200694 0.000455 2.957135 2.948943 2.736327 2.725357 -0.019162
28.899315 1.922422 0.000000 -0.200000 1.998474 -0.000015 -0.200694 0.000458 2.956742 2.948578 2.735931 2.724989 -0.019106
28.999241 1.922531 0.000000 -0.200000 1.998591 -0.000037 -0.200693 0.000461 2.956288 2.948149 2.735474 2.724558 -0.019055
29.099174 1.922639 0.000000 -0.200000 1.998707 -0.000058 -0.200693 0.000463 2.955777 2.947662 2.734961 2.724069 -0.019008
29.199112 1.922743 0.000000 -0.200000 1.998821 -0.000077 -0.200693 0.000466 2.955214 2.947120 2.734397 2.723525 -0.018965
29.299056 1.922845 0.000000 -0.200000 1.998932 -0.000094 -0.200692 0.000468 2.954602 2.946528 2.733784 2.722932 -0.018927
29.399005 1.922944 0.000000 -0.200000 1.999042 -0.000109 -0.200692 0.000470 2.953947 2.945890 2.733128 2.722293 -0.018892
29.498960 1.923041 0.000000 -0.200000 1.999149 -0.000123 -0.200692 0.000472 2.953251 2.945210 2.732433 2.721613 -0.018860
29.598920 1.923134 0.000000 -0.200000 1.999253 -0.000136 -0.200692 0.000474 2.952520 2.944492 2.731701 2.720896 -0.018832
29.698885 1.923223 0.000000 -0.200000 1.999354 -0.000148 -0.200691 0.000476 2.951756 2.943741 2.730938 2.720146 -0.018806
29.798855 1.923310 0.000000 -0.200000 1.999453 -0.000158 -0.200691 0.000477 2.950963 2.942961 2.730146 2.719366 -0.018783
29.898830 1.923392 0.000000 -0.200000 1.999548 -0.000168 -0.200691 0.000478 2.950146 2.942154 2.729330 2.718561 -0.018762
29.998810 1.923472 0.000000 -0.200000 1.999639 -0.000176 -0.200691 0.000480 2.949308 2.941325 2.728493 2.717733 -0.018743
30.098794 1.923547 0.000000 -0.200000 1.999728 -0.000184 -0.200691 0.000481 2.948452 2.940478 2.727639 2.716888 -0.018726
30.198783 1.923620 0.000000 -0.200000 1.999813 -0.000191 -0.200691 0.000482 2.947582 2.939615 2.726770 2.716027 -0.018710
30.298775 1.923688 0.000000 -0.200000 1.999894 -0.000197 -0.200691 0.000483 2.946700 2.938740 2.725891 2.715155 -0.018696
30.398772 1.923753 0.000000 -0.200000 1.999971 -0.000203 -0.200691 0.000484 2.945811 2.937857 2.725004 2.714274 -0.018684
30.498772 1.923814 0.000000 -0.200000 2.000045 -0.000208 -0.200691 0.000485 2.944917 2.936968 2.724112 2.713388 -0.018673
30.598776 1.923871 0.000000 -0.200000 2.000115 -0.000213 -0.200691 0.000486 2.944020 2.936076 2.723218 2.712499 -0.018663
30.698784 1.923925 0.000000 -0.200000 2.000181 -0.000217 -0.200691 0.000486 2.943124 2.935185 2.722325 2.711610 -0.018654
30.798795 1.923974 0.000000 -0.200000 2.000244 -0.000220 -0.200690 0.000487 2.942231 2.934296 2.721435 2.710725 -0.018646
30.898808 1.924021 0.000000 -0.200000 2.000303 -0.000223 -0.200690 0.000488 2.941344 2.933412 2.720551 2.709844 -0.018639
30.998825 1.924063 0.000000 -0.200000 2.000358 -0.000226 -0.200690 0.000488 2.940465 2.932536 2.719675 2.708971 -0.018632
31.098844 1.924103 0.000000 -0.200000 2.000409 -0.000229 -0.200690 0.000489 2.939596 2.931669 2.718809 2.708109 -0.018627
31.198865 1.924138 0.000000 -0.200000 2.000456 -0.000231 -0.200690 0.000489 2.938739 2.930815 2.717955 2.707258 -0.018622
31.298889 1.924170 0.000000 -0.200000 2.000500 -0.000233 -0.200690 0.000489 2.937896 2.929974 2.717116 2.706421 -0.018617
31.398915 1.924199 0.000000 -0.200000 2.000540 -0.000234 -0.200690 0.000490 2.937069 2.929149 2.716292 2.705599 -0.018613
31.498943 1.924225 0.000000 -0.200000 2.000577 -0.000236 -0.200690 0.000490 2.936259 2.928341 2.715486 2.704795 -0.018610
31.598973 1.924247 0.000000 -0.200000 2.000610 -0.000237 -0.200690 0.000490 2.935469 2.927552 2.714699 2.704010 -0.018607
31.699004 1.924267 0.000000 -0.200000 2.000640 -0.000238 -0.200690 0.000491 2.934699 2.926783 2.713933 2.703245 -0.018604
31.799037 1.924283 0.000000 -0.200000 2.000666 -0.000239 -0.200690 0.000491 2.933951 2.926036 2.713188 2.702502 -0.018601
31.899071 1.924296 0.000000 -0.200000 2.000689 -0.000239 -0.200690 0.000491 2.933225 2.925311 2.712466 2.701781 -0.018599
31.999106 1.924307 0.000000 -0.200000 2.000709 -0.000240 -0.200690 0.000491 2.932524 2.924611 2.711768 2.701084 -0.018597
32.099142 1.924315 0.000000 -0.200000 2.000726 -0.000240 -0.200690 0.000492 2.931847 2.923935 2.711095 2.700412 -0.018596
32.199178 1.924320 0.000000 -0.200000 2.000740 -0.000241 -0.200690 0.000492 2.931195 2.923284 2.710447 2.699765 -0.018594
32.299216 1.924323 0.000000 -0.200000 2.000751 -0.000241 -0.200690 0.000492 2.930570 2.922659 2.709825 2.699144 -0.018593
32.399253 1.924324 0.000000 -0.200000 2.000760 -0.000241 -0.200690 0.000492 2.929972 2.922061 2.709230 2.698549 -0.018591
32.499292 1.924322 0.000000 -0.200000 2.000765 -0.000241 -0.200690 0.000492 2.929400 2.921490 2.708662 2.697982 -0.018590
32.599330 1.924318 0.000000 -0.200000 2.000768 -0.000241 -0.200690 0.000492 2.928857 2.920947 2.708122 2.697442 -0.018589
32.699368 1.924312 0.000000 -0.200000 2.000769 -0.000241 -0.200690 0.000492 2.928341 2.920432 2.707609 2.696930 -0.018588
32.799407 1.924304 0.000000 -0.200000 2.000768 -0.000241 -0.200690 0.000492 2.927853 2.919944 2.707124 2.696445 -0.018587
32.899445 1.924295 0.000000 -0.200000 2.000764 -0.000241 -0.200690 0.000492 2.927393 2.919484 2.706667 2.695989 -0.018587
32.999483 1.924283 0.000000 -0.200000 2.000758 -0.000241 -0.200690 0.000492 2.926961 2.919052 2.706238 2.695560 -0.018586
33.099521 1.924271 0.000000 -0.200000 2.000750 -0.000241 -0.200690 0.000492 2.926556 2.918649 2.705836 2.695159 -0.018585
33.199558 1.924256 0.000000 -0.200000 2.000741 -0.000240 -0.200690 0.000492 2.926180 2.918272 2.705463 2.694786 -0.018584
33.299595 1.924241 0.000000 -0.200000 2.000729 -0.000240 -0.200690 0.000492 2.925831 2.917924 2.705116 2.694440 -0.018584
33.399631 1.924224 0.000000 -0.200000 2.000716 -0.000240 -0.200690 0.000492 2.925509 2.917602 2.704797 2.694121 -0.018583
33.499666 1.924206 0.000000 -0.200000 2.000702 -0.000240 -0.200690 0.000492 2.925214 2.917307 2.704504 2.693829 -0.018582
33.599701 1.924187 0.000000 -0.200000 2.000686 -0.000240 -0.200690 0.000492 2.924945 2.917039 2.704238 2.693563 -0.018581
33.699735 1.924167 0.000000 -0.200000 2.000669 -0.000239 -0.200690 0.000492 2.924702 2.916796 2.703997 2.693322 -0.018581
33.799768 1.924147 0.000000 -0.200000 2.000651 -0.000239 -0.200690 0.000492 2.924484 2.916579 2.703781 2.693107 -0.018580
33.899800 1.924126 0.000000 -0.200000 2.000632 -0.000239 -0.200690 0.000492 2.924291 2.916386 2.703590 2.692916 -0.018579
33.999831 1.924104 0.000000 -0.200000 2.000612 -0.000239 -0.200690 0.000492 2.924122 2.916217 2.703423 2.692750 -0.018579
34.099861 1.924081 0.000000 -0.200000 2.000591 -0.000238 -0.200690 0.000492 2.923977 2.916072 2.703279 2.692606 -0.018578
34.199890 1.924058 0.000000 -0.200000 2.000569 -0.000238 -0.200690 0.000492 2.923853 2.915949 2.703158 2.692485 -0.018577
34.299918 1.924035 0.000000 -0.200000 2.000547 -0.000238 -0.200690 0.000492 2.923752 2.915848 2.703058 2.692386 -0.018576
34.399945 1.924012 0.000000 -0.200000 2.000524 -0.000238 -0.200690 0.000491 2.923673 2.915769 2.702980 2.692308 -0.018576
34.499971 1.923988 0.000000 -0.200000 2.000501 -0.000238 -0.200690 0.000492 2.923612 2.915709 2.702921 2.692250 -0.018574
34.599995 1.923965 0.000000 -0.200000 2.000477 -0.000238 -0.200690 0.000492 2.923572 2.915670 2.702882 2.692211 -0.018573
34.700018 1.923941 0.000000 -0.200000 2.000454 -0.000238 -0.200690 0.000491 2.923551 2.915648 2.702862 2.692191 -0.018573
34.800040 1.923918 0.000000 -0.200000 2.000430 -0.000238 -0.200690 0.000492 2.923547 2.915645 2.702858 2.692189 -0.018572
34.900061 1.923894 0.000000 -0.200000 2.000406 -0.000238 -0.200690 0.000491 2.923560 2.915659 2.702873 2.692203 -0.018571
35.000081 1.923871 0.000000 -0.200000 2.000382 -0.000237 -0.200690 0.000491 2.923590 2.915688 2.702903 2.692233 -0.018571
35.100099 1.923848 0.000000 -0.200000 2.000358 -0.000237 -0.200690 0.000491 2.923633 2.915733 2.702948 2.692279 -0.018569
35.200117 1.923825 0.000000 -0.200000 2.000334 -0.000237 -0.200690 0.000491 2.923692 2.915792 2.703007 2.692339 -0.018569
35.300133 1.923803 0.000000 -0.200000 2.000310 -0.000238 -0.200690 0.000491 2.923764 2.915865 2.703080 2.692412 -0.018567
35.400148 1.923781 0.000000 -0.200000 2.000287 -0.000238 -0.200690 0.000491 2.923849 2.915950 2.703164 2.692498 -0.018565
35.500161 1.923760 0.000000 -0.200000 2.000263 -0.000238 -0.200690 0.000491 2.923946 2.916047 2.703262 2.692595 -0.018566
35.600174 1.923739 0.000000 -0.200000 2.000241 -0.000238 -0.200690 0.000491 2.924053 2.916155 2.703369 2.692703 -0.018564
35.700186 1.923718 0.000000 -0.200000 2.000218 -0.000237 -0.200690 0.000491 2.924171 2.916273 2.703487 2.692821 -0.018564
35.800196 1.923698 0.000000 -0.200000 2.000196 -0.000237 -0.200690 0.000491 2.924297 2.916400 2.703614 2.692948 -0.018563
35.900205 1.923679 0.000000 -0.200000 2.000175 -0.000238 -0.200690 0.000491 2.924432 2.916535 2.703749 2.693083 -0.018562
36.000213 1.923660 0.000000 -0.200000 2.000154 -0.000238 -0.200690 0.000490 2.924575 2.916678 2.703891 2.693226 -0.018562
36.100221 1.923642 0.000000 -0.200000 2.000134 -0.000238 -0.200690 0.000490 2.924724 2.916828 2.704040 2.693376 -0.018561
36.200227 1.923625 0.000000 -0.200000 2.000114 -0.000238 -0.200690 0.000491 2.924879 2.916984 2.704195 2.693531 -0.018559
36.300232 1.923608 0.000000 -0.200000 2.000095 -0.000238 -0.200690 0.000490 2.925039 2.917144 2.704355 2.693691 -0.018559
36.400236 1.923592 0.000000 -0.200000 2.000076 -0.000238 -0.200690 0.000490 2.925204 2.917310 2.704520 2.693857 -0.018558
36.500240 1.923577 0.000000 -0.200000 2.000059 -0.000238 -0.200690 0.000490 2.925373 2.917479 2.704688 2.694025 -0.018557
36.600242 1.923562 0.000000 -0.200000 2.000041 -0.000239 -0.200690 0.000491 2.925544 2.917651 2.704859 2.694197 -0.018555
36.700244 1.923549 0.000000 -0.200000 2.000025 -0.000239 -0.200690 0.000490 2.925719 2.917826 2.705034 2.694371 -0.018555
36.800245 1.923535 0.000000 -0.200000 2.000009 -0.000239 -0.200690 0.000490 2.925895 2.918002 2.705209 2.694547 -0.018554
36.900245 1.923523 0.000000 -0.200000 1.999995 -0.000239 -0.200690 0.000490 2.926072 2.918180 2.705386 2.694725 -0.018553
37.000244 1.923512 0.000000 -0.200000 1.999980 -0.000239 -0.200690 0.000490 2.926250 2.918359 2.705563 2.694902 -0.018552
37.100243 1.923501 0.000000 -0.200000 1.999967 -0.000240 -0.200690 0.000490 2.926428 2.918537 2.705741 2.695080 -0.018552
37.200241 1.923491 0.000000 -0.200000 1.999954 -0.000240 -0.200690 0.000490 2.926606 2.918715 2.705918 2.695257 -0.018551
37.300238 1.923481 0.000000 -0.200000 1.999942 -0.000240 -0.200690 0.000490 2.926782 2.918892 2.706094 2.695434 -0.018550
37.400235 1.923472 0.000000 -0.200000 1.999931 -0.000240 -0.200690 0.000490 2.926957 2.919067 2.706268 2.695609 -0.018549
37.500231 1.923464 0.000000 -0.200000 1.999921 -0.000241 -0.200690 0.000490 2.927131 2.919241 2.706441 2.695781 -0.018549
37.600227 1.923457 0.000000 -0.200000 1.999911 -0.000241 -0.200690 0.000490 2.927302 2.919412 2.706611 2.695952 -0.018548
37.700223 1.923451 0.000000 -0.200000 1.999902 -0.000241 -0.200690 0.000490 2.927470 2.919581 2.706779 2.696120 -0.018548
37.800217 1.923445 0.000000 -0.200000 1.999894 -0.000241 -0.200690 0.000490 2.927635 2.919747 2.706943 2.696285 -0.018546
37.900212 1.923439 0.000000 -0.200000 1.999887 -0.000242 -0.200690 0.000490 2.927797 2.919909 2.707105 2.696446 -0.018547
38.000206 1.923435 0.000000 -0.200000 1.999880 -0.000242 -0.200690 0.000490 2.927955 2.920067 2.707262 2.696604 -0.018546
38.100200 1.923431 0.000000 -0.200000 1.999874 -0.000242 -0.200690 0.000490 2.928109 2.920222 2.707416 2.696758 -0.018545
38.200194 1.923427 0.000000 -0.200000 1.999868 -0.000242 -0.200690 0.000490 2.928259 2.920372 2.707565 2.696907 -0.018544
38.300187 1.923425 0.000000 -0.200000 1.999864 -0.000242 -0.200690 0.000490 2.928405 2.920518 2.707710 2.697052 -0.018545
38.400180 1.923422 0.000000 -0.200000 1.999860 -0.000243 -0.200690 0.000490 2.928546 2.920659 2.707850 2.697192 -0.018544
38.500173 1.923421 0.000000 -0.200000 1.999856 -0.000243 -0.200689 0.000490 2.928682 2.920795 2.707985 2.697328 -0.018544
38.600166 1.923419 0.000000 -0.200000 1.999853 -0.000243 -0.200689 0.000490 2.928812 2.920926 2.708115 2.697458 -0.018542
38.700158 1.923419 0.000000 -0.200000 1.999851 -0.000243 -0.200689 0.000490 2.928938 2.921052 2.708240 2.697583 -0.018543
38.800151 1.923419 0.000000 -0.200000 1.999849 -0.000244 -0.200689 0.000490 2.929059 2.921173 2.708360 2.697703 -0.018543
38.900143 1.923419 0.000000 -0.200000 1.999848 -0.000244 -0.200689 0.000490 2.929174 2.921288 2.708475 2.697818 -0.018542
39.000135 1.923419 0.000000 -0.200000 1.999847 -0.000244 -0.200689 0.000490 2.929283 2.921398 2.708583 2.697927 -0.018541
39.100128 1.923421 0.000000 -0.200000 1.999847 -0.000244 -0.200689 0.000490 2.929388 2.921502 2.708687 2.698030 -0.018542
39.200120 1.923422 0.000000 -0.200000 1.999847 -0.000244 -0.200689 0.000490 2.929486 2.921601 2.708785 2.698129 -0.018542
39.300112 1.923424 0.000000 -0.200000 1.999848 -0.000244 -0.200689 0.000490 2.929579 2.921694 2.708877 2.698221 -0.018541
39.400105 1.923426 0.000000 -0.200000 1.999849 -0.000245 -0.200689 0.000490 2.929666 2.921781 2.708964 2.698308 -0.018541
39.500097 1.923428 0.000000 -0.200000 1.999850 -0.000245 -0.200689 0.000490 2.929748 2.921863 2.709045 2.698389 -0.018541
39.600090 1.923431 0.000000 -0.200000 1.999852 -0.000245 -0.200689 0.000490 2.929824 2.921940 2.709121 2.698465 -0.018540
39.700083 1.923434 0.000000 -0.200000 1.999854 -0.000245 -0.200689 0.000490 2.929895 2.922010 2.709191 2.698535 -0.018541
39.800075 1.923438 0.000000 -0.200000 1.999857 -0.000245 -0.200689 0.000490 2.929961 2.922076 2.709256 2.698600 -0.018541
39.900068 1.923441 0.000000 -0.200000 1.999859 -0.000245 -0.200689 0.000490 2.930021 2.922136 2.709315 2.698660 -0.018540
40.000061 1.923445 0.000000 -0.200000 1.999862 -0.000246 -0.200689 0.000490 2.930076 2.922191 2.709370 2.698714 -0.018541
40.100054 1.923449 0.000000 -0.200000 1.999866 -0.000246 -0.200689 0.000490 2.930125 2.922241 2.709419 2.698764 -0.018540
40.200048 1.923453 0.000000 -0.200000 1.999869 -0.000246 -0.200689 0.000490 2.930170 2.922285 2.709463 2.698808 -0.018539
40.300041 1.923457 0.000000 -0.200000 1.999873 -0.000246 -0.200689 0.000490 2.930210 2.922325 2.709503 2.698847 -0.018541
40.400035 1.923461 0.000000 -0.200000 1.999877 -0.000246 -0.200689 0.000490 2.930244 2.922360 2.709537 2.698881 -0.018540
40.500029 1.923466 0.000000 -0.200000 1.999881 -0.000246 -0.200689 0.000491 2.930274 2.922390 2.709566 2.698911 -0.018539
40.600023 1.923470 0.000000 -0.200000 1.999885 -0.000246 -0.200689 0.000490 2.930300 2.922415 2.709592 2.698936 -0.018541
40.700018 1.923475 0.000000 -0.200000 1.999890 -0.000246 -0.200689 0.000490 2.930321 2.922437 2.709613 2.698957 -0.018540
40.800012 1.923480 0.000000 -0.200000 1.999894 -0.000246 -0.200689 0.000491 2.930338 2.922454 2.709629 2.698974 -0.018539
40.900007 1.923484 0.000000 -0.200000 1.999899 -0.000246 -0.200689 0.000490 2.930351 2.922466 2.709642 2.698986 -0.018541
41.000002 1.923489 0.000000 -0.200000 1.999904 -0.000246 -0.200689 0.000490 2.930360 2.922475 2.709651 2.698995 -0.018541
41.099997 1.923494 0.000000 -0.200000 1.999908 -0.000246 -0.200689 0.000491 2.930365 2.922481 2.709656 2.699000 -0.018540
41.199993 1.923498 0.000000 -0.200000 1.999913 -0.000247 -0.200689 0.000490 2.930367 2.922482 2.709657 2.699001 -0.018541
41.299989 1.923503 0.000000 -0.200000 1.999918 -0.000247 -0.200689 0.000490 2.930365 2.922480 2.709655 2.698999 -0.018541
41.399985 1.923508 0.000000 -0.200000 1.999923 -0.000247 -0.200689 0.000491 2.930359 2.922475 2.709649 2.698994 -0.018540
41.499981 1.923512 0.000000 -0.200000 1.999928 -0.000247 -0.200690 0.000490 2.930352 2.922467 2.709642 2.698985 -0.018542
41.599978 1.923517 0.000000 -0.200000 1.999932 -0.000247 -0.200690 0.000491 2.930340 2.922456 2.709630 2.698974 -0.018540
41.699974 1.923521 0.000000 -0.200000 1.999937 -0.000247 -0.200690 0.000490 2.930327 2.922442 2.709617 2.698960 -0.018542
41.799971 1.923526 0.000000 -0.200000 1.999942 -0.000247 -0.200690 0.000490 2.930311 2.922425 2.709600 2.698944 -0.018542
41.899968 1.923530 0.000000 -0.200000 1.999947 -0.000247 -0.200690 0.000492 2.930291 2.922407 2.709580 2.698925 -0.018539
41.999966 1.923534 0.000000 -0.200000 1.999951 -0.000247 -0.200690 0.000490 2.930271 2.922385 2.709561 2.698904 -0.018543
42.099964 1.923538 0.000000 -0.200000 1.999955 -0.000247 -0.200690 0.000490 2.930248 2.922363 2.709538 2.698881 -0.018543
42.199961 1.923542 0.000000 -0.200000 1.999960 -0.000246 -0.200690 0.000490 2.930224 2.922338 2.709513 2.698856 -0.018542
42.299960 1.923546 0.000000 -0.200000 1.999964 -0.000247 -0.200690 0.000490 2.930197 2.922311 2.709486 2.698830 -0.018542
42.399958 1.923550 0.000000 -0.200000 1.999968 -0.000247 -0.200690 0.000491 2.930169 2.922283 2.709458 2.698802 -0.018542
42.499956 1.923554 0.000000 -0.200000 1.999972 -0.000247 -0.200690 0.000491 2.930139 2.922254 2.709429 2.698772 -0.018542
42.599955 1.923557 0.000000 -0.200000 1.999976 -0.000247 -0.200690 0.000490 2.930109 2.922223 2.709398 2.698741 -0.018543
42.699954 1.923560 0.000000 -0.200000 1.999980 -0.000247 -0.200690 0.000491 2.930077 2.922191 2.709366 2.698710 -0.018542
42.799953 1.923564 0.000000 -0.200000 1.999984 -0.000247 -0.200690 0.000490 2.930044 2.922158 2.709334 2.698677 -0.018543
42.899952 1.923567 0.000000 -0.200000 1.999987 -0.000247 -0.200690 0.000491 2.930011 2.922125 2.709301 2.698644 -0.018543
42.999952 1.923570 0.000000 -0.200000 1.999991 -0.000247 -0.200690 0.000490 2.929977 2.922091 2.709267 2.698609 -0.018544
43.099951 1.923572 0.000000 -0.200000 1.999994 -0.000247 -0.200690 0.000491 2.929942 2.922056 2.709232 2.698575 -0.018543
43.199951 1.923575 0.000000 -0.200000 1.999997 -0.000247 -0.200690 0.000491 2.929907 2.922021 2.709197 2.698540 -0.018543
43.299951 1.923578 0.000000 -0.200000 2.000000 -0.000247 -0.200690 0.000490 2.929872 2.921985 2.709162 2.698504 -0.018544
43.399951 1.923580 0.000000 -0.200000 2.000003 -0.000247 -0.200690 0.000491 2.929836 2.921950 2.709126 2.698469 -0.018543
43.499952 1.923582 0.000000 -0.200000 2.000006 -0.000247 -0.200690 0.000491 2.929801 2.921914 2.709091 2.698434 -0.018543
43.599952 1.923584 0.000000 -0.200000 2.000008 -0.000247 -0.200690 0.000491 2.929765 2.921879 2.709056 2.698398 -0.018544
43.699952 1.923586 0.000000 -0.200000 2.000011 -0.000247 -0.200690 0.000491 2.929730 2.921844 2.709020 2.698363 -0.018544
43.799953 1.923588 0.000000 -0.200000 2.000013 -0.000247 -0.200690 0.000491 2.929695 2.921808 2.708986 2.698328 -0.018545
43.899954 1.923589 0.000000 -0.200000 2.000015 -0.000246 -0.200690 0.000491 2.929660 2.921774 2.708951 2.698294 -0.018544
43.999955 1.923591 0.000000 -0.200000 2.000017 -0.000246 -0.200690 0.000491 2.929626 2.921739 2.708917 2.698259 -0.018545
44.099955 1.923592 0.000000 -0.200000 2.000019 -0.000246 -0.200690 0.000491 2.929592 2.921706 2.708883 2.698226 -0.018544
44.199956 1.923593 0.000000 -0.200000 2.000021 -0.000246 -0.200690 0.000491 2.929560 2.921672 2.708851 2.698193 -0.018545
44.299957 1.923595 0.000000 -0.200000 2.000022 -0.000246 -0.200690 0.000491 2.929527 2.921640 2.708818 2.698161 -0.018544
44.399959 1.923595 0.000000 -0.200000 2.000024 -0.000246 -0.200690 0.000491 2.929495 2.921608 2.708787 2.698129 -0.018545
44.499960 1.923596 0.000000 -0.200000 2.000025 -0.000246 -0.200690 0.000491 2.929464 2.921577 2.708756 2.698098 -0.018545
44.599961 1.923597 0.000000 -0.200000 2.000026 -0.000246 -0.200690 0.000491 2.929434 2.921547 2.708726 2.698068 -0.018546
44.699962 1.923598 0.000000 -0.200000 2.000027 -0.000246 -0.200690 0.000491 2.929405 2.921518 2.708697 2.698039 -0.018545
44.799964 1.923598 0.000000 -0.200000 2.000028 -0.000246 -0.200690 0.000491 2.929377 2.921489 2.708669 2.698011 -0.018546
44.899965 1.923598 0.000000 -0.200000 2.000029 -0.000246 -0.200690 0.000491 2.929349 2.921462 2.708642 2.697984 -0.018545
44.999967 1.923599 0.000000 -0.200000 2.000029 -0.000246 -0.200690 0.000491 2.929323 2.921436 2.708616 2.697957 -0.018546
45.099968 1.923599 0.000000 -0.200000 2.000030 -0.000246 -0.200690 0.000491 2.929298 2.921410 2.708590 2.697932 -0.018545
45.199970 1.923599 0.000000 -0.200000 2.000030 -0.000246 -0.200690 0.000491 2.929274 2.921386 2.708566 2.697908 -0.018546
45.299971 1.923599 0.000000 -0.200000 2.000030 -0.000246 -0.200690 0.000491 2.929250 2.921363 2.708543 2.697885 -0.018546
45.399973 1.923599 0.000000 -0.200000 2.000030 -0.000246 -0.200690 0.000491 2.929228 2.921341 2.708521 2.697863 -0.018546
45.499974 1.923599 0.000000 -0.200000 2.000031 -0.000246 -0.200690 0.000491 2.929207 2.921320 2.708500 2.697842 -0.018546
45.599976 1.923598 0.000000 -0.200000 2.000030 -0.000246 -0.200690 0.000491 2.929187 2.921300 2.708481 2.697822 -0.018546
45.699977 1.923598 0.000000 -0.200000 2.000030 -0.000246 -0.200690 0.000491 2.929168 2.921281 2.708462 2.697803 -0.018546
45.799979 1.923598 0.000000 -0.200000 2.000030 -0.000246 -0.200690 0.000490 2.929151 2.921263 2.708444 2.697786 -0.018547
45.899980 1.923597 0.000000 -0.200000 2.000030 -0.000245 -0.200690 0.000491 2.929134 2.921247 2.708428 2.697769 -0.018546
45.999982 1.923597 0.000000 -0.200000 2.000030 -0.000245 -0.200690 0.000491 2.929119 2.921231 2.708412 2.697754 -0.018547
46.099983 1.923596 0.000000 -0.200000 2.000029 -0.000245 -0.200690 0.000491 2.929104 2.921217 2.708398 2.697740 -0.018546
46.199985 1.923595 0.000000 -0.200000 2.000029 -0.000245 -0.200690 0.000490 2.929091 2.921203 2.708385 2.697726 -0.018547
46.299986 1.923595 0.000000 -0.200000 2.000028 -0.000245 -0.200690 0.000491 2.929079 2.921191 2.708373 2.697714 -0.018546
46.399987 1.923594 0.000000 -0.200000 2.000028 -0.000245 -0.200690 0.000491 2.929068 2.921180 2.708362 2.697703 -0.018547
46.499989 1.923593 0.000000 -0.200000 2.000027 -0.000245 -0.200690 0.000491 2.929057 2.921170 2.708351 2.697693 -0.018546
46.599990 1.923592 0.000000 -0.200000 2.000026 -0.000245 -0.200690 0.000490 2.929049 2.921161 2.708343 2.697684 -0.018547
46.699991 1.923591 0.000000 -0.200000 2.000025 -0.000245 -0.200690 0.000491 2.929040 2.921153 2.708334 2.697676 -0.018546
46.799993 1.923591 0.000000 -0.200000 2.000025 -0.000245 -0.200690 0.000491 2.929033 2.921145 2.708327 2.697669 -0.018546
46.899994 1.923590 0.000000 -0.200000 2.000024 -0.000245 -0.200690 0.000490 2.929027 2.921139 2.708322 2.697663 -0.018547
46.999995 1.923589 0.000000 -0.200000 2.000023 -0.000245 -0.200690 0.000491 2.929021 2.921134 2.708316 2.697658 -0.018546
47.099996 1.923588 0.000000 -0.200000 2.000022 -0.000245 -0.200690 0.000491 2.929017 2.921129 2.708312 2.697653 -0.018546
47.199997 1.923587 0.000000 -0.200000 2.000021 -0.000245 -0.200690 0.000491 2.929014 2.921126 2.708308 2.697650 -0.018547
47.299998 1.923586 0.000000 -0.200000 2.000020 -0.000245 -0.200690 0.000491 2.929011 2.921123 2.708305 2.697647 -0.018546
47.399999 1.923585 0.000000 -0.200000 2.000019 -0.000245 -0.200690 0.000490 2.929009 2.921121 2.708304 2.697645 -0.018547
47.500000 1.923584 0.000000 -0.200000 2.000018 -0.000245 -0.200690 0.000491 2.929008 2.921120 2.708302 2.697644 -0.018546
47.600001 1.923583 0.000000 -0.200000 2.000018 -0.000245 -0.200690 0.000491 2.929007 2.921119 2.708302 2.697643 -0.018546
47.700002 1.923582 0.000000 -0.200000 2.000017 -0.000245 -0.200690 0.000490 2.929008 2.921119 2.708303 2.697644 -0.018547
47.800003 1.923581 0.000000 -0.200000 2.000016 -0.000245 -0.200690 0.000491 2.929008 2.921121 2.708303 2.697645 -0.018546
47.900004 1.923580 0.000000 -0.200000 2.000015 -0.000245 -0.200690 0.000490 2.929010 2.921122 2.708305 2.697646 -0.018547
48.000004 1.923580 0.000000 -0.200000 2.000014 -0.000245 -0.200690 0.000491 2.929012 2.921124 2.708306 2.697648 -0.018546
48.100005 1.923579 0.000000 -0.200000 2.000013 -0.000245 -0.200690 0.000490 2.929015 2.921126 2.708310 2.697651 -0.018547
48.200006 1.923578 0.000000 -0.200000 2.000012 -0.000245 -0.200690 0.000491 2.929017 2.921130 2.708312 2.697654 -0.018545
48.300006 1.923577 0.000000 -0.200000 2.000011 -0.000245 -0.200690 0.000490 2.929021 2.921133 2.708316 2.697658 -0.018547
48.400007 1.923576 0.000000 -0.200000 2.000010 -0.000245 -0.200690 0.000491 2.929025 2.921138 2.708320 2.697662 -0.018546
48.500007 1.923575 0.000000 -0.200000 2.000009 -0.000245 -0.200690 0.000491 2.929029 2.921142 2.708324 2.697666 -0.018546
48.600008 1.923574 0.000000 -0.200000 2.000008 -0.000245 -0.200690 0.000490 2.929035 2.921147 2.708330 2.697671 -0.018547
48.700008 1.923574 0.000000 -0.200000 2.000007 -0.000245 -0.200690 0.000491 2.929039 2.921152 2.708334 2.697676 -0.018545
48.800008 1.923573 0.000000 -0.200000 2.000006 -0.000245 -0.200690 0.000490 2.929046 2.921157 2.708341 2.697682 -0.018549
48.900009 1.923572 0.000000 -0.200000 2.000006 -0.000245 -0.200690 0.000491 2.929051 2.921164 2.708346 2.697688 -0.018544
49.000009 1.923572 0.000000 -0.200000 2.000005 -0.000245 -0.200690 0.000491 2.929057 2.921169 2.708352 2.697694 -0.018545
49.100009 1.923571 0.000000 -0.200000 2.000004 -0.000245 -0.200690 0.000491 2.929063 2.921176 2.708358 2.697700 -0.018546
49.200009 1.923570 0.000000 -0.200000 2.000003 -0.000245 -0.200690 0.000490 2.929070 2.921182 2.708365 2.697706 -0.018547
49.300009 1.923570 0.000000 -0.200000 2.000003 -0.000245 -0.200690 0.000491 2.929076 2.921189 2.708371 2.697713 -0.018545
49.400010 1.923569 0.000000 -0.200000 2.000002 -0.000245 -0.200690 0.000490 2.929084 2.921195 2.708379 2.697720 -0.018548
49.500010 1.923568 0.000000 -0.200000 2.000001 -0.000245 -0.200690 0.000491 2.929090 2.921203 2.708385 2.697727 -0.018544
49.600010 1.923568 0.000000 -0.200000 2.000001 -0.000245 -0.200690 0.000491 2.929097 2.921210 2.708392 2.697734 -0.018545
49.700010 1.923567 0.000000 -0.200000 2.000000 -0.000245 -0.200690 0.000491 2.929104 2.921216 2.708399 2.697741 -0.018545
49.800010 1.923567 0.000000 -0.200000 1.999999 -0.000245 -0.200690 0.000490 2.929112 2.921223 2.708407 2.697748 -0.018548
49.900010 1.923566 0.000000 -0.200000 1.999999 -0.000245 -0.200690 0.000491 2.929118 2.921231 2.708413 2.697755 -0.018544
50.000010 1.923566 0.000000 -0.200000 1.999998 -0.000245 -0.200690 0.000491 2.929125 2.921238 2.708420 2.697762 -0.018545
