dist vxRef thetaRef YRef vx theta Y steer Tfl Tfr Trl Trrr dT
0.000000 2.000000 0.000083 0.000001 2.000000 0.000000 0.000000 0.000107 5.195517 5.195572 5.195517 5.195572 0.000112
0.099433 2.000576 0.000101 0.000001 1.976133 0.000000 -0.000000 0.000150 7.116078 7.116154 7.116078 7.116154 0.000152
0.197612 2.002465 0.000121 0.000001 1.951075 0.000000 0.000000 0.000185 8.278055 8.278147 8.278055 8.278147 0.000184
0.295037 2.005224 0.000146 0.000001 1.946925 0.000016 0.000000 0.000197 9.007852 9.007956 9.007852 9.007956 0.000209
0.392308 2.008268 0.000176 0.000002 1.943941 0.000049 0.000000 0.000207 9.366160 9.366277 9.366160 9.366277 0.000233
0.489724 2.011304 0.000212 0.000002 1.953272 0.000099 0.000000 0.000203 9.486984 9.487111 9.486984 9.487111 0.000252
0.587636 2.013960 0.000257 0.000002 1.963215 0.000163 0.000001 0.000201 9.384193 9.384331 9.384193 9.384331 0.000275
0.686147 2.016107 0.000311 0.000003 1.977425 0.000236 0.000001 0.000202 9.159991 9.160144 9.159991 9.160144 0.000306
0.785378 2.017591 0.000376 0.000003 1.991781 0.000316 0.000002 0.000213 8.834523 8.834701 8.834523 8.834701 0.000354
0.885326 2.018379 0.000456 0.000004 2.006113 0.000397 0.000002 0.000242 8.463178 8.463392 8.463178 8.463392 0.000428
0.985988 2.018437 0.000554 0.000005 2.020353 0.000478 0.000003 0.000293 8.062973 8.063240 8.062973 8.063240 0.000533
1.087308 2.017787 0.000674 0.000006 2.032312 0.000563 0.000004 0.000368 7.660006 7.660344 7.660006 7.660344 0.000677
1.189217 2.016467 0.000821 0.000007 2.044065 0.000650 0.000005 0.000479 7.269975 7.270406 7.269975 7.270406 0.000864
1.291640 2.014524 0.001000 0.000009 2.052674 0.000750 0.000007 0.000613 6.899626 6.900175 6.899626 6.900175 0.001099
1.394483 2.012030 0.001219 0.000011 2.061047 0.000865 0.000008 0.000797 6.562396 6.563091 6.562396 6.563091 0.001390
1.497669 2.009041 0.001487 0.000014 2.066213 0.001014 0.000010 0.000996 6.254170 6.255040 6.254170 6.255040 0.001740
1.601104 2.005638 0.001815 0.000016 2.071161 0.001196 0.000012 0.001263 5.985756 5.986838 5.985756 5.986838 0.002164
1.704718 2.001879 0.002214 0.000020 2.073265 0.001440 0.000015 0.001541 5.747924 5.749257 5.747924 5.749257 0.002665
1.808429 1.997839 0.002703 0.000025 2.075190 0.001742 0.000018 0.001914 5.548774 5.550409 5.548774 5.550409 0.003271
1.912182 1.993571 0.003298 0.000030 2.074812 0.002137 0.000022 0.002299 5.377613 5.379607 5.377613 5.379607 0.003989
2.015910 1.989141 0.004025 0.000037 2.074301 0.002619 0.000027 0.002822 5.240087 5.242518 5.240087 5.242518 0.004863
2.119571 1.984592 0.004910 0.000045 2.072059 0.003232 0.000033 0.003372 5.126103 5.129058 5.126103 5.129058 0.005909
2.223116 1.979980 0.005988 0.000054 2.069729 0.003967 0.000041 0.004125 5.039287 5.042881 5.039287 5.042881 0.007189
2.326515 1.975339 0.007299 0.000066 2.066190 0.004884 0.000050 0.004934 4.971125 4.975491 4.971125 4.975491 0.008733
2.429735 1.970712 0.008895 0.000081 2.062602 0.005970 0.000061 0.006043 4.923702 4.929016 4.923701 4.929015 0.010629
2.532757 1.966127 0.010835 0.000099 2.058243 0.007317 0.000075 0.007244 4.890384 4.896844 4.890383 4.896844 0.012921
2.635560 1.961615 0.013192 0.000120 2.053866 0.008903 0.000091 0.008890 4.872162 4.880029 4.872161 4.880029 0.015735
2.738133 1.957198 0.016053 0.000146 2.049062 0.010869 0.000111 0.010673 4.864196 4.873764 4.864195 4.873762 0.019136
2.840466 1.952899 0.019526 0.000178 2.044263 0.013184 0.000135 0.013107 4.866743 4.878393 4.866742 4.878392 0.023300
2.942556 1.948733 0.023738 0.000216 2.039297 0.016059 0.000165 0.015733 4.876489 4.890649 4.876486 4.890647 0.028321
3.044397 1.944718 0.028843 0.000262 2.034352 0.019450 0.000201 0.019307 4.893223 4.910450 4.893220 4.910447 0.034454
3.145991 1.940862 0.035027 0.000319 2.029426 0.023667 0.000244 0.023151 4.914827 4.935742 4.914822 4.935736 0.041830
3.247340 1.937179 0.042516 0.000387 2.024532 0.028644 0.000296 0.028367 4.940803 4.966212 4.940795 4.966204 0.050819
3.348447 1.933676 0.051578 0.000469 2.019788 0.034835 0.000360 0.033964 4.969909 5.000714 4.969898 5.000702 0.061610
3.449319 1.930359 0.062538 0.000569 2.015081 0.042139 0.000437 0.041543 5.001468 5.038836 5.001451 5.038819 0.074737
3.549961 1.927235 0.075788 0.000690 2.010612 0.051215 0.000531 0.049666 5.034844 5.080078 5.034819 5.080053 0.090469
3.650381 1.924305 0.091795 0.000836 2.006184 0.061912 0.000643 0.060647 5.069232 5.124019 5.069196 5.123983 0.109574
3.750586 1.921575 0.111123 0.001013 2.002051 0.075182 0.000780 0.072402 5.104389 5.170606 5.104336 5.170552 0.132433
3.850586 1.919045 0.134443 0.001226 1.997961 0.090803 0.000944 0.088266 5.139400 5.219469 5.139322 5.219391 0.160139
3.950389 1.916716 0.162564 0.001484 1.994203 0.110151 0.001144 0.105218 5.174249 5.270859 5.174136 5.270746 0.193220
4.050006 1.914589 0.196446 0.001794 1.990487 0.132898 0.001383 0.128040 5.207908 5.324515 5.207743 5.324351 0.233214
4.149446 1.912662 0.237241 0.002169 1.987125 0.161026 0.001674 0.152357 5.240473 5.380888 5.240235 5.380650 0.280830
4.248718 1.910935 0.286305 0.002620 1.983804 0.194057 0.002023 0.184992 5.270790 5.439889 5.270444 5.439543 0.338198
4.347833 1.909406 0.345262 0.003164 1.980850 0.234834 0.002447 0.219606 5.298985 5.502094 5.298486 5.501596 0.406217
4.446801 1.908071 0.416011 0.003819 1.977936 0.282658 0.002953 0.265861 5.323773 5.567659 5.323054 5.566942 0.487775
4.545632 1.906929 0.500805 0.004606 1.975393 0.341577 0.003568 0.314579 5.345264 5.637219 5.344232 5.636190 0.583914
4.644336 1.905975 0.602248 0.005553 1.972889 0.410574 0.004301 0.379305 5.362068 5.711266 5.360591 5.709793 0.698401
4.742923 1.905206 0.723395 0.006689 1.970755 0.495342 0.005191 0.446765 5.374268 5.790382 5.372166 5.788287 0.832235
4.841403 1.904618 0.867721 0.008051 1.968660 0.594413 0.006251 0.535664 5.380481 5.875499 5.377500 5.872530 0.990049
4.939784 1.904207 1.039220 0.009683 1.966928 0.715662 0.007533 0.626871 5.380798 5.966938 5.376600 5.962761 1.172301
5.038076 1.903968 1.242317 0.011634 1.965236 0.856978 0.009059 0.745654 5.374101 6.066147 5.368227 6.060308 1.384127
5.136286 1.903898 1.481939 0.013962 1.963893 1.028986 0.010898 0.864636 5.360599 6.172764 5.352453 6.164676 1.624390
5.234425 1.903992 1.763306 0.016734 1.962595 1.228687 0.013081 1.016900 5.339933 6.288722 5.328748 6.277629 1.897670
5.332495 1.904248 2.091896 0.020025 1.961624 1.469876 0.015702 1.163803 5.312626 6.412199 5.297447 6.397167 2.199292
5.430505 1.904663 2.473038 0.023922 1.960709 1.748350 0.018801 1.346786 5.279843 6.545297 5.259544 6.525224 2.531135
5.528455 1.905239 2.911649 0.028518 1.960091 2.080972 0.022502 1.512739 5.242697 6.683520 5.215982 6.657148 2.881990
5.626350 1.905974 3.411528 0.033915 1.959548 2.461970 0.026856 1.710431 5.204733 6.828313 5.170316 6.794392 3.247656
5.724184 1.906875 3.974737 0.040220 1.959263 2.909943 0.032013 1.870394 5.167982 6.971128 5.124597 6.928452 3.607002
5.821959 1.907947 4.600588 0.047541 1.959081 3.417199 0.038038 2.045138 5.138807 7.111335 5.085753 7.059229 3.946004
5.919660 1.909205 5.284662 0.055983 1.959121 4.000494 0.045099 2.151603 5.120494 7.236030 5.057530 7.174299 4.232304
6.017282 1.910659 6.017761 0.065638 1.959296 4.650030 0.053266 2.239179 5.121561 7.341204 5.049944 7.271068 4.440768
6.114803 1.912335 6.784979 0.076577 1.959684 5.373905 0.062698 2.223861 5.146870 7.412580 5.068712 7.336117 4.533115
6.212211 1.914252 7.565299 0.088843 1.960218 6.160514 0.073466 2.141533 5.205169 7.443270 5.124732 7.364590 4.477959
6.309483 1.916437 8.331778 0.102435 1.961026 6.999315 0.085664 1.934305 5.302330 7.424870 5.224259 7.348480 4.246761
6.406602 1.918915 9.052530 0.117298 1.961932 7.878185 0.099348 1.610645 5.445411 7.351835 5.375368 7.283229 3.814286
6.503561 1.921701 9.693106 0.133328 1.963258 8.757622 0.114483 1.177938 5.636854 7.228401 5.579109 7.171742 3.184181
6.600347 1.924816 10.218769 0.150348 1.964557 9.627809 0.131079 0.600255 5.882076 7.057198 5.838255 7.014149 2.351016
6.696994 1.928236 10.598627 0.168141 1.966431 10.416057 0.148911 -0.013427 6.168527 6.851650 6.137634 6.821252 1.366741
6.793506 1.931960 10.807886 0.186425 1.968145 11.119367 0.167917 -0.760025 6.503029 6.627694 6.477571 6.602613 0.249706
6.889972 1.935908 10.831242 0.204911 1.970401 11.641493 0.187659 -1.419615 6.846341 6.394603 6.818873 6.367312 -0.903299
6.986427 1.940042 10.663797 0.223267 1.972527 11.991539 0.207984 -2.157351 7.210472 6.179427 7.167226 6.136001 -2.062270
7.082998 1.944237 10.311365 0.241191 1.974836 12.075973 0.228293 -2.678050 7.536249 5.980492 7.469636 5.912908 -3.112484
7.179747 1.948420 9.789592 0.258383 1.977313 11.919681 0.248346 -3.200435 7.839766 5.823976 7.740807 5.722917 -4.033680
7.276792 1.952463 9.121640 0.274583 1.979483 11.466502 0.267511 -3.430751 8.072352 5.705973 7.941446 5.571495 -4.736330
7.374191 1.956291 8.335259 0.289572 1.982193 10.756078 0.285501 -3.598375 8.247002 5.635959 8.088050 5.472222 -5.226870
7.472009 1.959820 7.460354 0.303168 1.984448 9.794699 0.301819 -3.499968 8.351707 5.614348 8.173578 5.430416 -5.480521
7.570266 1.963007 6.524622 0.315243 1.987316 8.629163 0.316199 -3.315279 8.391737 5.629657 8.206896 5.438789 -5.530188
7.668958 1.965837 5.552385 0.325702 1.990140 7.327265 0.328412 -2.991492 8.384665 5.673898 8.203165 5.486583 -5.427349
7.768063 1.968309 4.561325 0.334486 1.993227 5.930417 0.338287 -2.608901 8.335169 5.730079 8.166754 5.556496 -5.215347
7.867534 1.970449 3.561920 0.341563 1.996843 4.537886 0.345897 -2.263993 8.265384 5.767744 8.115100 5.613224 -4.999516
7.967329 1.972284 2.557483 0.346907 2.000270 3.173575 0.351205 -1.926356 8.188330 5.784366 8.057454 5.650020 -4.811398
8.067399 1.973846 1.543473 0.350499 2.004363 1.921689 0.354485 -1.774705 8.122045 5.741042 8.010335 5.626721 -4.764617
8.167705 1.975163 0.510213 0.352303 2.008083 0.782975 0.355818 -1.705185 8.082850 5.652744 7.985316 5.553098 -4.862325
8.268213 1.976258 -0.557349 0.352268 2.012055 -0.215167 0.355489 -1.872659 8.090638 5.503551 8.002738 5.413945 -5.175881
8.368893 1.977152 -1.676330 0.350310 2.015742 -1.091348 0.353625 -2.169799 8.151567 5.315022 8.063969 5.225750 -5.674765
8.469712 1.977868 -2.864373 0.346317 2.019087 -1.891935 0.350327 -2.627510 8.275877 5.100786 8.178336 5.001232 -6.352194
8.570642 1.978430 -4.136844 0.340146 2.022316 -2.642890 0.345675 -3.203505 8.457607 4.885213 8.335908 4.760544 -7.147758
8.671629 1.978886 -5.502335 0.331635 2.024705 -3.446963 0.339473 -3.755916 8.663058 4.682639 8.503906 4.518671 -7.965655
8.772630 1.979278 -6.960945 0.320605 2.027230 -4.321955 0.331683 -4.340247 8.885681 4.526645 8.676820 4.310320 -8.725537
8.873548 1.979705 -8.496550 0.306910 2.028494 -5.379432 0.321853 -4.674591 9.036942 4.410374 8.775385 4.137816 -9.264137
8.974309 1.980247 -10.078877 0.290420 2.030321 -6.616605 0.309813 -4.892545 9.118889 4.374191 8.811523 4.052830 -9.503392
9.074763 1.981065 -11.655356 0.271125 2.030735 -8.091482 0.295055 -4.692032 9.046366 4.411307 8.713124 4.061870 -9.286313
9.174791 1.982295 -13.161190 0.249087 2.032027 -9.777350 0.277349 -4.216711 8.833272 4.553279 8.505391 4.209724 -8.575660
9.274245 1.984113 -14.517967 0.224550 2.032572 -11.624512 0.256441 -3.321088 8.474739 4.818503 8.182372 4.512750 -7.325858
9.372977 1.986697 -15.648613 0.197887 2.033600 -13.591329 0.232171 -2.063027 8.006030 5.225231 7.773354 4.982599 -5.571554
9.470973 1.990099 -16.486091 0.169588 2.035348 -15.501298 0.204818 -0.611166 7.471789 5.758896 7.303162 5.583621 -3.432434
9.568140 1.994451 -16.980732 0.140302 2.036528 -17.317952 0.174431 1.153122 6.950617 6.453369 6.819498 6.316987 -0.999759
9.664721 1.999547 -17.109385 0.110593 2.039200 -18.776201 0.141921 2.711147 6.412465 7.146688 6.283741 7.014801 1.465282
9.760783 2.005345 -16.872739 0.081159 2.040940 -19.869098 0.107613 4.401524 5.997809 7.933510 5.803096 7.738697 3.871302
9.856786 2.011403 -16.294577 0.052495 2.042633 -20.341082 0.072893 5.488861 5.583498 8.525479 5.290425 8.239506 5.891061
9.952957 2.017489 -15.418103 0.025106 2.044853 -20.232884 0.038337 6.486107 5.327285 9.067930 4.898926 8.656112 7.497830
10.049738 2.023145 -14.301818 -0.000597 2.044316 -19.418069 0.005414 6.690226 5.141631 9.348555 4.598949 8.833204 8.441179
10.147349 2.028110 -13.010769 -0.024357 2.046296 -17.986150 -0.025159 6.639339 5.102377 9.478844 4.484957 8.894648 8.786158
10.245975 2.032156 -11.620742 -0.045885 2.045154 -16.008905 -0.052337 5.924372 5.218949 9.446416 4.585150 8.848303 8.490620
10.345650 2.035194 -10.198792 -0.065108 2.046466 -13.600748 -0.075485 4.907620 5.464329 9.283931 4.878639 8.729806 7.670770
10.446283 2.037267 -8.809899 -0.081957 2.047799 -11.005179 -0.094376 3.629729 5.813132 9.045969 5.314409 8.572306 6.490735
10.547736 2.038467 -7.503543 -0.096493 2.049304 -8.319107 -0.108706 2.130633 6.250375 8.765609 5.854574 8.388989 5.049648
10.649823 2.038943 -6.311877 -0.108870 2.054085 -5.853679 -0.119123 0.860087 6.584572 8.395500 6.291789 8.115346 3.634485
10.752404 2.038808 -5.255661 -0.119255 2.057228 -3.651530 -0.125764 -0.472161 6.927799 8.058839 6.704829 7.845426 2.271637
10.855354 2.038165 -4.337491 -0.127899 2.063424 -1.960625 -0.129815 -1.223203 7.013741 7.636617 6.850412 7.479196 1.251661
10.958632 2.037039 -3.554498 -0.135020 2.068413 -0.757572 -0.131762 -1.881097 7.036849 7.289650 6.901246 7.157918 0.509473
11.062179 2.035473 -2.895636 -0.140851 2.073594 -0.127607 -0.132801 -1.889786 6.848986 6.952500 6.742431 6.848180 0.209263
11.165990 2.033459 -2.347307 -0.145600 2.078886 0.004669 -0.133542 -1.726281 6.594587 6.707401 6.508385 6.622626 0.227055
11.270017 2.031032 -1.895580 -0.149447 2.082347 -0.263446 -0.134717 -1.140929 6.274896 6.552197 6.211943 6.490184 0.555543
11.374215 2.028230 -1.525808 -0.152553 2.086181 -0.837433 -0.136802 -0.409112 5.943225 6.479248 5.899049 6.435785 1.072759
11.478537 2.025089 -1.225251 -0.155051 2.088212 -1.505476 -0.139844 0.355851 5.625230 6.449753 5.593772 6.418718 1.649469
11.582913 2.021676 -0.981988 -0.157055 2.090061 -2.193823 -0.144005 1.162157 5.348047 6.457935 5.317159 6.427248 2.219977
11.687323 2.018010 -0.785921 -0.158660 2.090529 -2.693188 -0.148771 1.660874 5.096303 6.402928 5.060861 6.367804 2.613568
11.791726 2.014132 -0.628285 -0.159944 2.090763 -2.978691 -0.153982 2.081704 4.910634 6.333453 4.863617 6.287022 2.846223
11.896112 2.010049 -0.501898 -0.160968 2.089385 -2.947965 -0.158946 2.066690 4.776355 6.173194 4.723218 6.120961 2.794583
12.000463 2.005784 -0.400655 -0.161786 2.088238 -2.627420 -0.163331 1.905281 4.714981 5.983460 4.660798 5.930240 2.537921
12.104754 2.001362 -0.319742 -0.162438 2.085452 -2.060102 -0.166685 1.430185 4.729954 5.757627 4.681982 5.710552 2.056243
12.208948 1.996825 -0.255093 -0.162958 2.082951 -1.300757 -0.168724 0.821894 4.807465 5.528507 4.769802 5.491532 1.442772
12.313012 1.992212 -0.203515 -0.163372 2.079527 -0.496593 -0.169470 0.177335 4.920551 5.307113 4.892754 5.279831 0.773637
12.416900 1.987574 -0.162381 -0.163702 2.075996 0.303979 -0.168845 -0.520693 5.061949 5.116199 5.038721 5.093435 0.108964
12.520596 1.982941 -0.129588 -0.163965 2.072158 0.939565 -0.167299 -0.988031 5.159190 4.944256 5.137621 4.922976 -0.429579
12.624077 1.978342 -0.103448 -0.164174 2.068119 1.394822 -0.164981 -1.411918 5.242356 4.822876 5.216513 4.797167 -0.838826
12.727343 1.973789 -0.082611 -0.164341 2.063707 1.580471 -0.162496 -1.487349 5.250152 4.739463 5.222118 4.711367 -1.021440
12.830394 1.969294 -0.065992 -0.164473 2.059407 1.519655 -0.160121 -1.457531 5.224629 4.712889 5.195372 4.683467 -1.023645
12.933228 1.964869 -0.052740 -0.164579 2.054585 1.233136 -0.158286 -1.153388 5.155277 4.743407 5.128870 4.716802 -0.823937
13.035839 1.960530 -0.042164 -0.164664 2.050001 0.766524 -0.157243 -0.744739 5.065684 4.822590 5.044554 4.801310 -0.486338
13.138221 1.956295 -0.033725 -0.164731 2.045200 0.226291 -0.157055 -0.265560 4.969684 4.935651 4.954094 4.919941 -0.068187
13.240361 1.952190 -0.026988 -0.164785 2.040429 -0.345797 -0.157823 0.263185 4.879859 5.071639 4.867462 5.059116 0.383434
13.342258 1.948226 -0.021606 -0.164828 2.035812 -0.822954 -0.159263 0.650696 4.801379 5.186130 4.790240 5.174906 0.769417
13.443911 1.944418 -0.017307 -0.164862 2.031114 -1.188407 -0.161299 1.014280 4.750156 5.290644 4.736561 5.277012 1.080939
13.545329 1.940768 -0.013870 -0.164889 2.026563 -1.362203 -0.163494 1.125902 4.726395 5.342236 4.710936 5.326824 1.231729
13.646522 1.937278 -0.011120 -0.164911 2.022082 -1.357812 -0.165662 1.161896 4.739811 5.365252 4.722602 5.348149 1.250988
13.747498 1.933950 -0.008919 -0.164929 2.017617 -1.176265 -0.167459 0.978027 4.794083 5.348077 4.777595 5.331720 1.108119
13.848265 1.930788 -0.007157 -0.164943 2.013323 -0.850083 -0.168699 0.712062 4.882433 5.307919 4.868504 5.294096 0.851078
13.948826 1.927799 -0.005746 -0.164954 2.009148 -0.449442 -0.169294 0.364682 4.998665 5.254864 4.988009 5.244289 0.512480
14.049182 1.924993 -0.004615 -0.164963 2.005041 -0.006394 -0.169154 -0.028893 5.131938 5.198709 5.123847 5.190688 0.133613
14.149338 1.922373 -0.003708 -0.164970 2.001253 0.384793 -0.168454 -0.344196 5.256388 5.148743 5.249863 5.142269 -0.215238
14.249297 1.919946 -0.002980 -0.164976 1.997438 0.709051 -0.167228 -0.651529 5.374002 5.114995 5.366804 5.107834 -0.517977
14.349072 1.917712 -0.002396 -0.164981 1.993960 0.898648 -0.165794 -0.782858 5.455781 5.101953 5.447849 5.094023 -0.707654
14.448672 1.915668 -0.001927 -0.164985 1.990515 0.960853 -0.164272 -0.863703 5.514524 5.115878 5.505371 5.106698 -0.797320
14.548108 1.913811 -0.001551 -0.164988 1.987312 0.884450 -0.162943 -0.772331 5.539197 5.160378 5.530049 5.151186 -0.757682
14.647392 1.912139 -0.001248 -0.164990 1.984217 0.692195 -0.161941 -0.619214 5.541397 5.231348 5.533237 5.223148 -0.620139
14.746530 1.910652 -0.001005 -0.164992 1.981379 0.426723 -0.161375 -0.382279 5.527388 5.325881 5.520878 5.319339 -0.403047
14.845531 1.909350 -0.000809 -0.164994 1.978610 0.112568 -0.161326 -0.104673 5.504301 5.435237 5.499434 5.430344 -0.138154
14.944400 1.908231 -0.000652 -0.164995 1.976199 -0.182775 -0.161703 0.140126 5.482005 5.544097 5.478339 5.540412 0.124165
15.043147 1.907295 -0.000525 -0.164996 1.973792 -0.445577 -0.162503 0.387403 5.466471 5.650114 5.462832 5.646458 0.367270
15.141781 1.906538 -0.000423 -0.164997 1.971769 -0.620412 -0.163509 0.518788 5.464624 5.733687 5.460760 5.729818 0.538121
15.240313 1.905954 -0.000341 -0.164997 1.969763 -0.709603 -0.164648 0.618802 5.479977 5.800573 5.475337 5.795940 0.641199
15.338752 1.905537 -0.000275 -0.164998 1.968082 -0.695231 -0.165705 0.589101 5.516926 5.840719 5.512054 5.835864 0.647603
15.437112 1.905280 -0.000222 -0.164998 1.966462 -0.592114 -0.166582 0.514560 5.572747 5.861639 5.568107 5.857017 0.577803
15.535400 1.905179 -0.000179 -0.164999 1.965144 -0.423011 -0.167172 0.362034 5.646945 5.865888 5.643030 5.861987 0.437900
15.633626 1.905227 -0.000144 -0.164999 1.963879 -0.206025 -0.167405 0.175156 5.732864 5.858962 5.729880 5.855989 0.252206
15.731797 1.905421 -0.000116 -0.164999 1.962951 0.012631 -0.167314 -0.007633 5.821930 5.848743 5.819750 5.846571 0.053633
15.829921 1.905754 -0.000094 -0.164999 1.962035 0.220993 -0.166889 -0.199044 5.910277 5.839320 5.908365 5.837417 -0.141905
15.928006 1.906220 -0.000076 -0.164999 1.961466 0.375458 -0.166268 -0.318591 5.985141 5.837725 5.983285 5.835873 -0.294828
16.026062 1.906812 -0.000061 -0.165000 1.960905 0.475144 -0.165494 -0.420653 6.048223 5.846183 6.045988 5.843947 -0.404081
16.124098 1.907523 -0.000049 -0.165000 1.960649 0.499909 -0.164728 -0.428205 6.091247 5.869279 6.088824 5.866852 -0.443940
16.222122 1.908343 -0.000040 -0.165000 1.960424 0.458713 -0.164037 -0.404569 6.118649 5.905377 6.116185 5.902908 -0.426549
16.320143 1.909265 -0.000032 -0.165000 1.960465 0.361157 -0.163522 -0.313125 6.130629 5.955266 6.128428 5.953059 -0.350732
16.418168 1.910283 -0.000026 -0.165000 1.960538 0.220195 -0.163240 -0.193996 6.131251 6.014265 6.129503 6.012513 -0.233977
16.516203 1.911388 -0.000021 -0.165000 1.960874 0.066059 -0.163192 -0.062743 6.126034 6.077707 6.124747 6.076417 -0.096657
16.614255 1.912575 -0.000017 -0.165000 1.961221 -0.091201 -0.163398 0.079759 6.117957 6.141810 6.116930 6.140781 0.047704
16.712330 1.913835 -0.000014 -0.165000 1.961823 -0.218481 -0.163773 0.181079 6.113199 6.198330 6.112297 6.197425 0.170259
16.810435 1.915161 -0.000011 -0.165000 1.962427 -0.313070 -0.164296 0.274187 6.113280 6.247035 6.112223 6.245976 0.267508
16.908575 1.916546 -0.000009 -0.165000 1.963253 -0.355493 -0.164851 0.300705 6.122694 6.281403 6.121525 6.280235 0.317418
17.006757 1.917981 -0.000007 -0.165000 1.964088 -0.350585 -0.165392 0.306415 6.140475 6.303883 6.139205 6.302615 0.326818
17.104986 1.919459 -0.000006 -0.165000 1.965106 -0.299953 -0.165832 0.256243 6.168207 6.313316 6.167003 6.312115 0.290220
17.203267 1.920972 -0.000005 -0.165000 1.966136 -0.212506 -0.166126 0.184618 6.202702 6.312688 6.201693 6.311680 0.219972
17.301603 1.922514 -0.000004 -0.165000 1.967326 -0.107052 -0.166254 0.093447 6.241670 6.305342 6.240901 6.304574 0.127345
17.399999 1.924078 -0.000003 -0.165000 1.968519 0.008332 -0.166195 -0.009312 6.281972 6.293661 6.281390 6.293080 0.023379
17.498459 1.925658 -0.000002 -0.165000 1.969854 0.109295 -0.165996 -0.091037 6.318376 6.282442 6.317911 6.281977 -0.071868
17.596984 1.927246 -0.000002 -0.165000 1.971183 0.192375 -0.165665 -0.170301 6.349905 6.272954 6.349398 6.272448 -0.153901
17.695578 1.928838 -0.000002 -0.165000 1.972626 0.240336 -0.165283 -0.204060 6.371612 6.269154 6.371058 6.268599 -0.204917
17.794245 1.930426 -0.000001 -0.165000 1.974065 0.255321 -0.164880 -0.224548 6.384741 6.270613 6.384105 6.269976 -0.228258
17.892985 1.932006 -0.000001 -0.165000 1.975583 0.234581 -0.164528 -0.200774 6.387547 6.279183 6.386911 6.278546 -0.216729
17.991802 1.933569 -0.000001 -0.165000 1.977100 0.184012 -0.164262 -0.160943 6.382197 6.292824 6.381630 6.292256 -0.178747
18.090696 1.935113 -0.000001 -0.165000 1.978669 0.114615 -0.164109 -0.099544 6.370406 6.310563 6.369953 6.310110 -0.119685
18.189669 1.936632 -0.000001 -0.165000 1.980233 0.032648 -0.164090 -0.027527 6.354150 6.330072 6.353812 6.329733 -0.048158
18.288720 1.938121 -0.000000 -0.165000 1.981829 -0.044470 -0.164182 0.036020 6.336840 6.348007 6.336586 6.347753 0.022335
18.387851 1.939576 -0.000000 -0.165000 1.983416 -0.113205 -0.164386 0.100343 6.319658 6.363299 6.319407 6.363048 0.087282
18.487062 1.940993 -0.000000 -0.165000 1.985012 -0.159149 -0.164644 0.134533 6.305820 6.372222 6.305556 6.371957 0.132804
18.586352 1.942368 -0.000000 -0.165000 1.986598 -0.182809 -0.164939 0.160676 6.295308 6.375391 6.294992 6.375074 0.160164
18.685720 1.943698 -0.000000 -0.165000 1.988168 -0.179431 -0.165214 0.152841 6.289919 6.370880 6.289588 6.370549 0.161923
18.785168 1.944979 -0.000000 -0.165000 1.989729 -0.152744 -0.165442 0.133322 6.288447 6.360296 6.288132 6.359982 0.143700
18.884692 1.946208 -0.000000 -0.165000 1.991253 -0.108628 -0.165596 0.093220 6.290621 6.344220 6.290357 6.343955 0.107197
18.984293 1.947383 -0.000000 -0.165000 1.992767 -0.051771 -0.165656 0.044037 6.294843 6.324341 6.294642 6.324140 0.058995
19.083968 1.948502 -0.000000 -0.165000 1.994229 0.005679 -0.165630 -0.004050 6.298957 6.302854 6.298809 6.302707 0.007794
19.183715 1.949563 -0.000000 -0.165000 1.995678 0.060500 -0.165515 -0.054521 6.302062 6.280926 6.301931 6.280796 -0.042270
19.283534 1.950563 -0.000000 -0.165000 1.997060 0.101120 -0.165347 -0.085734 6.301350 6.260973 6.301221 6.260844 -0.080755
19.383421 1.951503 -0.000000 -0.165000 1.998429 0.127151 -0.165137 -0.112392 6.297134 6.243286 6.296976 6.243128 -0.107696
19.483374 1.952379 -0.000000 -0.165000 1.999715 0.133226 -0.164930 -0.113626 6.287542 6.229405 6.287371 6.229235 -0.116274
19.583392 1.953193 -0.000000 -0.165000 2.000990 0.121590 -0.164743 -0.106570 6.273780 6.218728 6.273607 6.218555 -0.110105
19.683471 1.953943 -0.000000 -0.165000 2.002169 0.094883 -0.164604 -0.081338 6.255722 6.211306 6.255569 6.211153 -0.088833
19.783609 1.954628 -0.000000 -0.165000 2.003338 0.056522 -0.164529 -0.048687 6.234804 6.206124 6.234684 6.206004 -0.057360
19.883802 1.955249 -0.000000 -0.165000 2.004403 0.014757 -0.164519 -0.013123 6.212292 6.201761 6.212204 6.201673 -0.021062
19.984049 1.955807 -0.000000 -0.165000 2.005456 -0.027664 -0.164578 0.025439 6.189306 6.197556 6.189234 6.197484 0.016499
20.084345 1.956301 -0.000000 -0.165000 2.006400 -0.061726 -0.164683 0.052270 6.167548 6.191378 6.167482 6.191312 0.047660
20.184688 1.956732 -0.000000 -0.165000 2.007331 -0.086610 -0.164829 0.076800 6.147497 6.183396 6.147419 6.183318 0.071797
20.285075 1.957101 -0.000000 -0.165000 2.008149 -0.097114 -0.164982 0.082755 6.130385 6.171911 6.130297 6.171824 0.083053
20.385503 1.957409 -0.000000 -0.165000 2.008955 -0.094491 -0.165130 0.082969 6.115998 6.157825 6.115904 6.157731 0.083655
20.485968 1.957657 -0.000000 -0.165000 2.009643 -0.079417 -0.165249 0.067918 6.104525 6.140621 6.104438 6.140533 0.072191
20.586467 1.957848 -0.000000 -0.165000 2.010321 -0.054320 -0.165326 0.047003 6.095363 6.121484 6.095291 6.121412 0.052243
20.686997 1.957981 -0.000000 -0.165000 2.010881 -0.024626 -0.165356 0.021278 6.087568 6.101032 6.087514 6.100978 0.026928
20.787555 1.958059 -0.000000 -0.165000 2.011431 0.007421 -0.165333 -0.007504 6.080677 6.080280 6.080635 6.080238 -0.000795
20.888138 1.958085 -0.000000 -0.165000 2.011864 0.034982 -0.165270 -0.029649 6.073085 6.060364 6.073050 6.060329 -0.025441
20.988741 1.958059 -0.000000 -0.165000 2.012288 0.057090 -0.165172 -0.050904 6.064870 6.041836 6.064830 6.041796 -0.046067
21.089364 1.957984 -0.000000 -0.165000 2.012597 0.069086 -0.165062 -0.058919 6.054572 6.025638 6.054527 6.025594 -0.057867
21.190001 1.957863 -0.000000 -0.165000 2.012899 0.071586 -0.164948 -0.063071 6.042835 6.011780 6.042784 6.011730 -0.062109
21.290651 1.957697 -0.000000 -0.165000 2.013089 0.064141 -0.164850 -0.054866 6.028981 6.000504 6.028932 6.000455 -0.056953
21.391310 1.957489 -0.000000 -0.165000 2.013273 0.048432 -0.164779 -0.042150 6.013936 5.991462 6.013893 5.991419 -0.044947
21.491976 1.957241 -0.000000 -0.165000 2.013352 0.027878 -0.164742 -0.023999 5.997912 5.984047 5.997878 5.984013 -0.027730
21.592645 1.956956 -0.000000 -0.165000 2.013424 0.004247 -0.164744 -0.003028 5.981761 5.977920 5.981736 5.977895 -0.007681
21.693316 1.956636 -0.000000 -0.165000 2.013398 -0.017400 -0.164777 0.014676 5.966217 5.971902 5.966198 5.971883 0.011370
21.793985 1.956285 -0.000000 -0.165000 2.013367 -0.036101 -0.164840 0.032334 5.951804 5.965991 5.951784 5.965971 0.028374
21.894650 1.955903 -0.000000 -0.165000 2.013245 -0.047898 -0.164918 0.040822 5.939239 5.958996 5.939216 5.958973 0.039514
21.995309 1.955495 -0.000000 -0.165000 2.013119 -0.053007 -0.165004 0.046806 5.928624 5.951330 5.928597 5.951304 0.045413
22.095960 1.955063 -0.000000 -0.165000 2.012909 -0.050399 -0.165081 0.043089 5.920228 5.942309 5.920201 5.942282 0.044162
22.196600 1.954609 -0.000000 -0.165000 2.012697 -0.041203 -0.165143 0.035990 5.913838 5.932598 5.913813 5.932573 0.037519
22.297228 1.954135 -0.000000 -0.165000 2.012410 -0.027435 -0.165182 0.023568 5.909101 5.922189 5.909081 5.922169 0.026176
22.397841 1.953645 -0.000000 -0.165000 2.012122 -0.010451 -0.165192 0.008694 5.905742 5.911740 5.905727 5.911725 0.011996
22.498439 1.953140 -0.000000 -0.165000 2.011768 0.006102 -0.165178 -0.005063 5.902932 5.901719 5.902921 5.901708 -0.002426
22.599018 1.952624 -0.000000 -0.165000 2.011414 0.021351 -0.165139 -0.019245 5.900590 5.892558 5.900579 5.892547 -0.016064
22.699579 1.952099 -0.000000 -0.165000 2.011004 0.032059 -0.165086 -0.027300 5.897798 5.884814 5.897786 5.884802 -0.025968
22.800118 1.951567 -0.000000 -0.165000 2.010593 0.038207 -0.165024 -0.033815 5.894769 5.878598 5.894756 5.878584 -0.032343
22.900637 1.951029 -0.000000 -0.165000 2.010137 0.038525 -0.164964 -0.032927 5.890902 5.874198 5.890888 5.874183 -0.033409
23.001132 1.950490 -0.000000 -0.165000 2.009681 0.033742 -0.164912 -0.029570 5.886622 5.871458 5.886608 5.871444 -0.030329
23.101604 1.949949 -0.000000 -0.165000 2.009188 0.024923 -0.164876 -0.021398 5.881829 5.870220 5.881816 5.870208 -0.023217
23.202051 1.949411 -0.000000 -0.165000 2.008697 0.013079 -0.164860 -0.011183 5.876979 5.870235 5.876969 5.870225 -0.013488
23.302473 1.948876 -0.000000 -0.165000 2.008178 0.000759 -0.164862 -0.000786 5.872379 5.870959 5.872372 5.870952 -0.002840
23.402869 1.948346 -0.000000 -0.165000 2.007662 -0.011285 -0.164884 0.010265 5.868343 5.872244 5.868337 5.872238 0.007800
23.503239 1.947824 -0.000000 -0.165000 2.007127 -0.020493 -0.164919 0.017410 5.865317 5.873424 5.865311 5.873418 0.016213
23.603582 1.947310 -0.000000 -0.165000 2.006594 -0.026714 -0.164963 0.023684 5.863379 5.874554 5.863372 5.874547 0.022351
23.703898 1.946807 -0.000000 -0.165000 2.006052 -0.028653 -0.165008 0.024467 5.862829 5.875153 5.862821 5.875145 0.024647
23.804187 1.946315 -0.000000 -0.165000 2.005513 -0.026753 -0.165049 0.023497 5.863529 5.875448 5.863521 5.875440 0.023837
23.904449 1.945837 -0.000000 -0.165000 2.004972 -0.021453 -0.165081 0.018401 5.865466 5.875318 5.865459 5.875310 0.019704
24.004684 1.945374 -0.000000 -0.165000 2.004434 -0.013489 -0.165099 0.011663 5.868399 5.875043 5.868393 5.875037 0.013288
24.104892 1.944926 -0.000000 -0.165000 2.003902 -0.004578 -0.165104 0.004026 5.872014 5.874836 5.872009 5.874832 0.005646
24.205074 1.944495 -0.000000 -0.165000 2.003374 0.004659 -0.165093 -0.004339 5.876112 5.874897 5.876108 5.874894 -0.002430
24.305230 1.944081 -0.000000 -0.165000 2.002858 0.012254 -0.165072 -0.010374 5.880245 5.875590 5.880242 5.875587 -0.009311
24.405360 1.943686 -0.000000 -0.165000 2.002346 0.017999 -0.165041 -0.015987 5.884356 5.876950 5.884352 5.876946 -0.014812
24.505465 1.943311 -0.000000 -0.165000 2.001853 0.020689 -0.165009 -0.017645 5.888088 5.879278 5.888084 5.879274 -0.017621
24.605545 1.942955 -0.000000 -0.165000 2.001363 0.020570 -0.164976 -0.018100 5.891524 5.882439 5.891519 5.882435 -0.018168
24.705602 1.942619 -0.000000 -0.165000 2.000898 0.017695 -0.164950 -0.015163 5.894555 5.886522 5.894551 5.886518 -0.016065
24.805635 1.942305 -0.000000 -0.165000 2.000437 0.012580 -0.164932 -0.010946 5.897328 5.891297 5.897324 5.891293 -0.012062
24.905646 1.942012 -0.000000 -0.165000 2.000004 0.006336 -0.164924 -0.005506 5.899996 5.896617 5.899993 5.896614 -0.006758
25.005636 1.941740 -0.000000 -0.165000 1.999575 -0.000544 -0.164927 0.000644 5.902667 5.902263 5.902665 5.902261 -0.000808
25.105604 1.941491 -0.000000 -0.165000 1.999178 -0.006593 -0.164939 0.005544 5.905645 5.907959 5.905643 5.907957 0.004629
25.205553 1.941263 -0.000000 -0.165000 1.998786 -0.011584 -0.164960 0.010310 5.908926 5.913580 5.908924 5.913578 0.009309
25.305484 1.941056 -0.000000 -0.165000 1.998429 -0.014467 -0.164983 0.012317 5.912799 5.918883 5.912797 5.918881 0.012169
25.405396 1.940872 -0.000000 -0.165000 1.998076 -0.015356 -0.165007 0.013530 5.917136 5.923853 5.917134 5.923850 0.013434
25.505292 1.940708 -0.000000 -0.165000 1.997760 -0.014083 -0.165028 0.012051 5.922084 5.928410 5.922082 5.928408 0.012652
25.605172 1.940566 -0.000000 -0.165000 1.997449 -0.011000 -0.165045 0.009604 5.927435 5.932607 5.927433 5.932605 0.010344
25.705038 1.940446 -0.000000 -0.165000 1.997176 -0.006779 -0.165054 0.005857 5.933157 5.936561 5.933155 5.936559 0.006809
25.804890 1.940345 -0.000000 -0.165000 1.996907 -0.001802 -0.165055 0.001470 5.939035 5.940317 5.939034 5.940315 0.002563
25.904730 1.940265 -0.000000 -0.165000 1.996678 0.002866 -0.165049 -0.002375 5.944920 5.944121 5.944919 5.944120 -0.001598
26.004558 1.940205 -0.000000 -0.165000 1.996453 0.007008 -0.165036 -0.006259 5.950659 5.947952 5.950658 5.947951 -0.005414
26.104376 1.940163 -0.000000 -0.165000 1.996268 0.009751 -0.165021 -0.008286 5.956098 5.952070 5.956097 5.952069 -0.008055
26.204185 1.940140 -0.000000 -0.165000 1.996086 0.011125 -0.165003 -0.009816 5.961172 5.956366 5.961170 5.956365 -0.009611
26.303985 1.940136 -0.000000 -0.165000 1.995943 0.010853 -0.164986 -0.009275 5.965826 5.961008 5.965824 5.961007 -0.009635
26.403779 1.940148 -0.000000 -0.165000 1.995804 0.009164 -0.164972 -0.008021 5.970059 5.965822 5.970058 5.965821 -0.008474
26.503567 1.940176 -0.000000 -0.165000 1.995703 0.006432 -0.164963 -0.005538 5.973959 5.970844 5.973958 5.970843 -0.006231
26.603349 1.940221 -0.000000 -0.165000 1.995605 0.002943 -0.164960 -0.002510 5.977537 5.975886 5.977537 5.975885 -0.003303
26.703128 1.940280 -0.000000 -0.165000 1.995545 -0.000554 -0.164962 0.000417 5.980989 5.980880 5.980988 5.980879 -0.000218
26.802904 1.940354 -0.000000 -0.165000 1.995487 -0.003866 -0.164969 0.003475 5.984289 5.985680 5.984288 5.985680 0.002783
26.902678 1.940440 -0.000000 -0.165000 1.995464 -0.006293 -0.164979 0.005335 5.987658 5.990192 5.987657 5.990191 0.005068
27.002450 1.940539 -0.000000 -0.165000 1.995443 -0.007815 -0.164992 0.006907 5.991012 5.994336 5.991012 5.994336 0.006648
27.102223 1.940650 -0.000000 -0.165000 1.995455 -0.008119 -0.165005 0.006929 5.994518 5.998074 5.994517 5.998074 0.007113
27.201996 1.940772 -0.000000 -0.165000 1.995469 -0.007348 -0.165016 0.006444 5.998042 6.001386 5.998041 6.001385 0.006687
27.301770 1.940903 -0.000000 -0.165000 1.995514 -0.005675 -0.165024 0.004874 6.001651 6.004328 6.001650 6.004328 0.005355
27.401547 1.941043 -0.000000 -0.165000 1.995560 -0.003312 -0.165029 0.002859 6.005198 6.006905 6.005198 6.006904 0.003413
27.501327 1.941192 -0.000000 -0.165000 1.995634 -0.000766 -0.165029 0.000694 6.008662 6.009259 6.008662 6.009259 0.001194
27.601111 1.941347 -0.000000 -0.165000 1.995709 0.001799 -0.165025 -0.001641 6.011922 6.011377 6.011922 6.011376 -0.001091
27.700898 1.941509 -0.000000 -0.165000 1.995808 0.003838 -0.165019 -0.003246 6.014920 6.013432 6.014920 6.013432 -0.002977
27.800691 1.941676 -0.000000 -0.165000 1.995909 0.005308 -0.165010 -0.004702 6.017588 6.015374 6.017588 6.015374 -0.004428
27.900490 1.941848 -0.000000 -0.165000 1.996031 0.005903 -0.165001 -0.005032 6.019892 6.017345 6.019891 6.017344 -0.005093
28.000294 1.942024 -0.000000 -0.165000 1.996153 0.005703 -0.164992 -0.005010 6.021812 6.019258 6.021811 6.019257 -0.005108
28.100106 1.942203 -0.000000 -0.165000 1.996294 0.004759 -0.164985 -0.004080 6.023380 6.021183 6.023380 6.021183 -0.004394
28.199924 1.942384 -0.000000 -0.165000 1.996435 0.003221 -0.164980 -0.002797 6.024603 6.023020 6.024603 6.023020 -0.003165
28.299750 1.942567 -0.000000 -0.165000 1.996591 0.001420 -0.164979 -0.001240 6.025577 6.024769 6.025577 6.024769 -0.001617
28.399583 1.942750 -0.000000 -0.165000 1.996747 -0.000508 -0.164980 0.000493 6.026307 6.026343 6.026307 6.026342 0.000071
28.499425 1.942933 -0.000000 -0.165000 1.996915 -0.002156 -0.164984 0.001817 6.026917 6.027702 6.026917 6.027702 0.001570
28.599275 1.943116 -0.000000 -0.165000 1.997083 -0.003468 -0.164990 0.003082 6.027389 6.028800 6.027389 6.028800 0.002821
28.699133 1.943297 -0.000000 -0.165000 1.997260 -0.004169 -0.164996 0.003551 6.027834 6.029602 6.027834 6.029602 0.003536
28.799001 1.943476 -0.000000 -0.165000 1.997436 -0.004300 -0.165003 0.003785 6.028206 6.030101 6.028206 6.030101 0.003790
28.898877 1.943653 -0.000000 -0.165000 1.997618 -0.003838 -0.165009 0.003286 6.028565 6.030303 6.028565 6.030303 0.003476
28.998762 1.943827 -0.000000 -0.165000 1.997799 -0.002887 -0.165013 0.002517 6.028854 6.030227 6.028854 6.030227 0.002746
29.098657 1.943997 -0.000000 -0.165000 1.997983 -0.001652 -0.165015 0.001430 6.029075 6.029926 6.029075 6.029926 0.001702
29.198561 1.944163 -0.000000 -0.165000 1.998166 -0.000240 -0.165015 0.000178 6.029180 6.029423 6.029180 6.029423 0.000486
29.298474 1.944324 -0.000000 -0.165000 1.998349 0.001048 -0.165013 -0.000876 6.029134 6.028799 6.029134 6.028799 -0.000668
29.398396 1.944480 -0.000000 -0.165000 1.998531 0.002158 -0.165009 -0.001924 6.028914 6.028064 6.028914 6.028064 -0.001700
29.498327 1.944631 -0.000000 -0.165000 1.998712 0.002855 -0.165005 -0.002429 6.028482 6.027292 6.028481 6.027292 -0.002379
29.598267 1.944776 -0.000000 -0.165000 1.998890 0.003156 -0.165000 -0.002782 6.027845 6.026474 6.027845 6.026474 -0.002741
29.698216 1.944915 -0.000000 -0.165000 1.999065 0.002998 -0.164995 -0.002563 6.026987 6.025651 6.026987 6.025650 -0.002673
29.798173 1.945048 -0.000000 -0.165000 1.999238 0.002452 -0.164992 -0.002143 6.025941 6.024801 6.025941 6.024801 -0.002280
29.898139 1.945174 -0.000000 -0.165000 1.999404 0.001636 -0.164989 -0.001409 6.024724 6.023923 6.024724 6.023923 -0.001602
29.998114 1.945294 -0.000000 -0.165000 1.999570 0.000631 -0.164989 -0.000530 6.023375 6.022998 6.023374 6.022998 -0.000754
30.098096 1.945406 -0.000000 -0.165000 1.999727 -0.000347 -0.164989 0.000284 6.021934 6.021989 6.021933 6.021989 0.000112
30.198086 1.945511 -0.000000 -0.165000 1.999882 -0.001250 -0.164992 0.001123 6.020433 6.020899 6.020433 6.020899 0.000933
30.298084 1.945609 -0.000000 -0.165000 2.000028 -0.001885 -0.164995 0.001602 6.018915 6.019681 6.018914 6.019681 0.001532
30.398089 1.945700 -0.000000 -0.165000 2.000172 -0.002252 -0.164999 0.001990 6.017395 6.018356 6.017395 6.018356 0.001922
30.498101 1.945783 -0.000000 -0.165000 2.000305 -0.002275 -0.165002 0.001944 6.015895 6.016893 6.015895 6.016892 0.001995
30.598120 1.945859 -0.000000 -0.165000 2.000437 -0.001999 -0.165005 0.001752 6.014421 6.015331 6.014421 6.015331 0.001820
30.698145 1.945928 -0.000000 -0.165000 2.000557 -0.001483 -0.165007 0.001275 6.012960 6.013662 6.012960 6.013662 0.001403
30.798175 1.945989 -0.000000 -0.165000 2.000675 -0.000789 -0.165008 0.000677 6.011519 6.011933 6.011519 6.011933 0.000829
30.898212 1.946043 -0.000000 -0.165000 2.000781 -0.000066 -0.165008 0.000065 6.010056 6.010155 6.010056 6.010155 0.000198
30.998254 1.946089 -0.000000 -0.165000 2.000885 0.000645 -0.165007 -0.000585 6.008591 6.008373 6.008591 6.008373 -0.000435
31.098300 1.946129 -0.000000 -0.165000 2.000976 0.001189 -0.165005 -0.001009 6.007072 6.006603 6.007072 6.006603 -0.000939
31.198351 1.946161 -0.000000 -0.165000 2.001066 0.001561 -0.165002 -0.001383 6.005530 6.004875 6.005530 6.004875 -0.001309
31.298407 1.946187 -0.000000 -0.165000 2.001142 0.001681 -0.165000 -0.001436 6.003922 6.003196 6.003922 6.003196 -0.001452
31.398466 1.946206 0.000000 -0.165000 2.001217 0.001577 -0.164997 -0.001385 6.002291 6.001585 6.002291 6.001585 -0.001412
31.498528 1.946219 0.000000 -0.165000 2.001279 0.001271 -0.164995 -0.001091 6.000613 6.000026 6.000613 6.000026 -0.001174
31.598593 1.946226 0.000000 -0.165000 2.001339 0.000808 -0.164994 -0.000700 5.998934 5.998534 5.998934 5.998534 -0.000800
31.698662 1.946226 0.000000 -0.165000 2.001386 0.000287 -0.164994 -0.000252 5.997248 5.997072 5.997248 5.997072 -0.000351
31.798732 1.946221 0.000000 -0.165000 2.001432 -0.000256 -0.164995 0.000239 5.995599 5.995662 5.995599 5.995662 0.000125
31.898804 1.946210 0.000000 -0.165000 2.001465 -0.000704 -0.164996 0.000596 5.993990 5.994256 5.993990 5.994256 0.000532
31.998879 1.946194 0.000000 -0.165000 2.001496 -0.001046 -0.164998 0.000930 5.992454 5.992884 5.992454 5.992884 0.000859
32.098954 1.946173 0.000000 -0.165000 2.001516 -0.001209 -0.164999 0.001032 5.990987 5.991502 5.990987 5.991502 0.001029
32.199030 1.946147 0.000000 -0.165000 2.001534 -0.001209 -0.165001 0.001064 5.989614 5.990147 5.989614 5.990147 0.001067
32.299107 1.946117 0.000000 -0.165000 2.001541 -0.001045 -0.165003 0.000895 5.988317 5.988791 5.988317 5.988791 0.000947
32.399184 1.946082 0.000000 -0.165000 2.001546 -0.000749 -0.165004 0.000652 5.987114 5.987471 5.987114 5.987471 0.000716
32.499261 1.946044 0.000000 -0.165000 2.001541 -0.000384 -0.165004 0.000333 5.985972 5.986175 5.985972 5.986175 0.000406
32.599338 1.946002 0.000000 -0.165000 2.001535 0.000019 -0.165004 -0.000027 5.984911 5.984940 5.984911 5.984940 0.000058
32.699415 1.945957 0.000000 -0.165000 2.001519 0.000376 -0.165004 -0.000317 5.983892 5.983761 5.983892 5.983761 -0.000261
32.799490 1.945908 0.000000 -0.165000 2.001502 0.000672 -0.165002 -0.000599 5.982935 5.982666 5.982935 5.982666 -0.000538
32.899565 1.945858 0.000000 -0.165000 2.001476 0.000844 -0.165001 -0.000720 5.982004 5.981650 5.982004 5.981650 -0.000707
32.999638 1.945804 0.000000 -0.165000 2.001450 0.000901 -0.165000 -0.000795 5.981125 5.980733 5.981125 5.980733 -0.000785
33.099709 1.945749 0.000000 -0.165000 2.001415 0.000830 -0.164998 -0.000711 5.980270 5.979900 5.980270 5.979900 -0.000741
33.199779 1.945692 0.000000 -0.165000 2.001380 0.000652 -0.164997 -0.000569 5.979469 5.979165 5.979469 5.979165 -0.000608
33.299847 1.945633 0.000000 -0.165000 2.001338 0.000405 -0.164997 -0.000350 5.978706 5.978505 5.978706 5.978505 -0.000402
33.399913 1.945573 0.000000 -0.165000 2.001296 0.000113 -0.164997 -0.000092 5.978008 5.977931 5.978008 5.977931 -0.000154
33.499977 1.945513 0.000000 -0.165000 2.001248 -0.000162 -0.164997 0.000135 5.977368 5.977413 5.977368 5.977413 0.000090
33.600038 1.945451 0.000000 -0.165000 2.001199 -0.000408 -0.164998 0.000365 5.976807 5.976964 5.976807 5.976964 0.000314
33.700096 1.945389 0.000000 -0.165000 2.001146 -0.000571 -0.164999 0.000486 5.976320 5.976555 5.976320 5.976555 0.000469
33.800152 1.945327 0.000000 -0.165000 2.001092 -0.000654 -0.165000 0.000578 5.975920 5.976201 5.975920 5.976201 0.000562
33.900205 1.945265 0.000000 -0.165000 2.001035 -0.000640 -0.165001 0.000547 5.975599 5.975880 5.975599 5.975880 0.000563
34.000256 1.945203 0.000000 -0.165000 2.000978 -0.000543 -0.165002 0.000475 5.975362 5.975610 5.975362 5.975610 0.000496
34.100303 1.945141 0.000000 -0.165000 2.000917 -0.000383 -0.165002 0.000329 5.975196 5.975379 5.975196 5.975379 0.000366
34.200348 1.945081 0.000000 -0.165000 2.000858 -0.000177 -0.165002 0.000151 5.975103 5.975200 5.975103 5.975200 0.000195
34.300389 1.945021 0.000000 -0.165000 2.000796 0.000029 -0.165002 -0.000023 5.975065 5.975072 5.975065 5.975072 0.000014
34.400427 1.944962 0.000000 -0.165000 2.000734 0.000226 -0.165002 -0.000204 5.975085 5.975004 5.975085 5.975004 -0.000162
34.500462 1.944905 0.000000 -0.165000 2.000672 0.000370 -0.165001 -0.000315 5.975143 5.974995 5.975143 5.974995 -0.000296
34.600494 1.944849 0.000000 -0.165000 2.000610 0.000461 -0.165000 -0.000408 5.975244 5.975050 5.975244 5.975050 -0.000390
34.700523 1.944795 0.000000 -0.165000 2.000548 0.000480 -0.165000 -0.000410 5.975375 5.975167 5.975375 5.975167 -0.000416
34.800549 1.944742 0.000000 -0.165000 2.000486 0.000435 -0.164999 -0.000382 5.975540 5.975344 5.975540 5.975344 -0.000392
34.900572 1.944691 0.000000 -0.165000 2.000425 0.000336 -0.164999 -0.000289 5.975735 5.975578 5.975735 5.975578 -0.000313
35.000591 1.944643 0.000000 -0.165000 2.000364 0.000197 -0.164998 -0.000170 5.975961 5.975862 5.975961 5.975862 -0.000199
35.100608 1.944596 0.000000 -0.165000 2.000306 0.000046 -0.164998 -0.000041 5.976224 5.976190 5.976224 5.976190 -0.000069
35.200622 1.944551 0.000000 -0.165000 2.000247 -0.000107 -0.164999 0.000098 5.976521 5.976553 5.976521 5.976553 0.000065
35.300632 1.944509 0.000000 -0.165000 2.000191 -0.000227 -0.164999 0.000194 5.976857 5.976944 5.976857 5.976944 0.000175
35.400641 1.944469 0.000000 -0.165000 2.000135 -0.000315 -0.164999 0.000280 5.977227 5.977358 5.977227 5.977358 0.000260
35.500646 1.944432 0.000000 -0.165000 2.000082 -0.000350 -0.165000 0.000300 5.977639 5.977788 5.977639 5.977788 0.000299
35.600649 1.944396 0.000000 -0.165000 2.000030 -0.000338 -0.165001 0.000298 5.978083 5.978233 5.978083 5.978233 0.000299
35.700649 1.944364 0.000000 -0.165000 1.999981 -0.000281 -0.165001 0.000242 5.978563 5.978691 5.978563 5.978691 0.000256
35.800647 1.944334 0.000000 -0.165000 1.999933 -0.000190 -0.165001 0.000165 5.979067 5.979159 5.979067 5.979159 0.000183
35.900642 1.944306 0.000000 -0.165000 1.999888 -0.000082 -0.165001 0.000072 5.979599 5.979645 5.979599 5.979645 0.000092
36.000635 1.944281 0.000000 -0.165000 1.999844 0.000033 -0.165001 -0.000032 5.980147 5.980143 5.980147 5.980143 -0.000008
36.100626 1.944258 0.000000 -0.165000 1.999804 0.000130 -0.165001 -0.000111 5.980705 5.980657 5.980705 5.980657 -0.000095
36.200615 1.944238 0.000000 -0.165000 1.999764 0.000208 -0.165001 -0.000186 5.981263 5.981179 5.981263 5.981179 -0.000168
36.300603 1.944221 0.000000 -0.165000 1.999729 0.000248 -0.165000 -0.000214 5.981823 5.981719 5.981823 5.981719 -0.000208
36.400588 1.944205 0.000000 -0.165000 1.999694 0.000256 -0.165000 -0.000227 5.982377 5.982266 5.982377 5.982266 -0.000222
36.500572 1.944192 0.000000 -0.165000 1.999664 0.000227 -0.164999 -0.000196 5.982929 5.982828 5.982929 5.982828 -0.000202
36.600555 1.944182 0.000000 -0.165000 1.999634 0.000169 -0.164999 -0.000149 5.983470 5.983391 5.983470 5.983391 -0.000158
36.700536 1.944174 0.000000 -0.165000 1.999609 0.000094 -0.164999 -0.000083 5.984012 5.983965 5.984012 5.983965 -0.000095
36.800515 1.944168 0.000000 -0.165000 1.999584 0.000010 -0.164999 -0.000007 5.984547 5.984535 5.984547 5.984535 -0.000023
36.900494 1.944164 0.000000 -0.165000 1.999563 -0.000066 -0.164999 0.000056 5.985079 5.985101 5.985079 5.985101 0.000045
37.000472 1.944162 0.000000 -0.165000 1.999544 -0.000132 -0.164999 0.000119 5.985599 5.985651 5.985599 5.985651 0.000105
37.100448 1.944162 0.000000 -0.165000 1.999528 -0.000173 -0.165000 0.000148 5.986119 5.986190 5.986119 5.986190 0.000143
37.200424 1.944165 0.000000 -0.165000 1.999513 -0.000190 -0.165000 0.000168 5.986627 5.986709 5.986627 5.986709 0.000163
37.300400 1.944169 0.000000 -0.165000 1.999503 -0.000178 -0.165000 0.000154 5.987135 5.987213 5.987135 5.987213 0.000157
37.400375 1.944174 0.000000 -0.165000 1.999492 -0.000145 -0.165001 0.000127 5.987628 5.987694 5.987628 5.987694 0.000133
37.500349 1.944182 0.000000 -0.165000 1.999486 -0.000094 -0.165001 0.000082 5.988116 5.988162 5.988116 5.988162 0.000091
37.600323 1.944191 0.000000 -0.165000 1.999481 -0.000034 -0.165001 0.000028 5.988585 5.988606 5.988585 5.988606 0.000040
37.700297 1.944202 0.000000 -0.165000 1.999479 0.000025 -0.165001 -0.000021 5.989044 5.989038 5.989044 5.989038 -0.000011
37.800271 1.944214 0.000000 -0.165000 1.999477 0.000079 -0.165000 -0.000071 5.989479 5.989449 5.989479 5.989449 -0.000060
37.900245 1.944227 0.000000 -0.165000 1.999480 0.000115 -0.165000 -0.000099 5.989895 5.989848 5.989895 5.989848 -0.000094
38.000219 1.944241 0.000000 -0.165000 1.999482 0.000137 -0.165000 -0.000122 5.990283 5.990225 5.990283 5.990225 -0.000116
38.100193 1.944257 0.000000 -0.165000 1.999488 0.000136 -0.165000 -0.000117 5.990650 5.990591 5.990650 5.990591 -0.000119
38.200168 1.944273 0.000000 -0.165000 1.999494 0.000119 -0.165000 -0.000105 5.990988 5.990934 5.990988 5.990934 -0.000107
38.300143 1.944290 0.000000 -0.165000 1.999503 0.000086 -0.165000 -0.000075 5.991305 5.991265 5.991305 5.991265 -0.000081
38.400118 1.944309 0.000000 -0.165000 1.999512 0.000044 -0.165000 -0.000038 5.991595 5.991572 5.991595 5.991572 -0.000045
38.500094 1.944327 0.000000 -0.165000 1.999524 0.000000 -0.165000 -0.000000 5.991865 5.991862 5.991865 5.991862 -0.000008
38.600071 1.944347 0.000000 -0.165000 1.999536 -0.000043 -0.165000 0.000039 5.992109 5.992124 5.992109 5.992124 0.000030
38.700048 1.944367 0.000000 -0.165000 1.999551 -0.000074 -0.165000 0.000064 5.992337 5.992366 5.992337 5.992366 0.000059
38.800026 1.944387 0.000000 -0.165000 1.999565 -0.000096 -0.165000 0.000085 5.992541 5.992581 5.992541 5.992581 0.000080
38.900005 1.944408 0.000000 -0.165000 1.999582 -0.000101 -0.165000 0.000087 5.992728 5.992772 5.992728 5.992772 0.000087
38.999984 1.944428 0.000000 -0.165000 1.999598 -0.000094 -0.165000 0.000083 5.992894 5.992936 5.992894 5.992936 0.000084
39.099965 1.944449 0.000000 -0.165000 1.999617 -0.000074 -0.165000 0.000064 5.993043 5.993078 5.993043 5.993078 0.000068
39.199946 1.944470 0.000000 -0.165000 1.999635 -0.000046 -0.165000 0.000040 5.993171 5.993194 5.993171 5.993194 0.000045
39.299928 1.944491 0.000000 -0.165000 1.999654 -0.000014 -0.165000 0.000012 5.993281 5.993290 5.993281 5.993290 0.000018
39.399911 1.944512 0.000000 -0.165000 1.999674 0.000019 -0.165000 -0.000018 5.993368 5.993363 5.993368 5.993363 -0.000011
39.499896 1.944532 0.000000 -0.165000 1.999694 0.000045 -0.165000 -0.000039 5.993436 5.993419 5.993436 5.993419 -0.000034
39.599881 1.944553 0.000000 -0.165000 1.999714 0.000065 -0.165000 -0.000058 5.993481 5.993455 5.993481 5.993455 -0.000053
39.699867 1.944573 0.000000 -0.165000 1.999735 0.000073 -0.165000 -0.000064 5.993506 5.993475 5.993506 5.993475 -0.000062
39.799855 1.944592 0.000000 -0.165000 1.999756 0.000073 -0.165000 -0.000064 5.993510 5.993479 5.993510 5.993479 -0.000063
39.899843 1.944612 0.000000 -0.165000 1.999777 0.000061 -0.165000 -0.000053 5.993495 5.993467 5.993495 5.993467 -0.000055
39.999833 1.944630 0.000000 -0.165000 1.999798 0.000043 -0.165000 -0.000037 5.993460 5.993440 5.993460 5.993440 -0.000040
