dist vxRef thetaRef YRef vx theta Y steer Tfl Tfr Trl Trrr dT
0.000000 2.000000 0.000083 0.000001 2.000000 0.000000 0.000000 -0.000598 4.454040 4.452234 4.367111 4.362959 -0.005958
0.099732 2.000272 0.000101 0.000001 1.988719 0.000000 -0.000000 0.001568 6.898812 6.898748 6.765944 6.762355 -0.003653
0.198870 2.001166 0.000122 0.000001 1.976796 0.000000 -0.000000 0.002235 8.425182 8.425556 8.267099 8.263226 -0.003499
0.297832 2.002289 0.000147 0.000001 1.982559 -0.000108 -0.000000 -0.000391 8.972997 8.970201 8.803920 8.796487 -0.010229
0.397129 2.003119 0.000178 0.000002 1.989312 -0.000334 -0.000001 -0.000728 9.052418 9.048972 8.878848 8.870679 -0.011616
0.497137 2.003259 0.000217 0.000002 2.011828 -0.000181 -0.000001 -0.004268 8.397169 8.389394 8.225428 8.213016 -0.020187
0.598314 2.002201 0.000264 0.000002 2.035240 0.000414 0.000001 -0.005627 7.359454 7.349654 7.191921 7.177797 -0.023924
0.700720 1.999824 0.000322 0.000003 2.061119 0.000711 0.000002 -0.006359 6.024822 6.013846 5.862886 5.848037 -0.025825
0.804426 1.995995 0.000394 0.000004 2.087143 0.000559 0.000003 -0.006631 4.506419 4.494923 4.350567 4.335735 -0.026328
0.909274 1.990808 0.000482 0.000004 2.106411 -0.000532 0.000001 -0.004132 3.072286 3.063712 2.921296 2.910005 -0.019865
1.015066 1.984412 0.000592 0.000005 2.125272 -0.002550 -0.000005 -0.002560 1.642235 1.635828 1.495856 1.487327 -0.014936
1.121533 1.977032 0.000727 0.000007 2.132773 -0.005088 -0.000015 0.001587 0.541197 0.540039 0.397162 0.394461 -0.003858
1.228342 1.968977 0.000893 0.000008 2.139581 -0.007946 -0.000030 0.004026 -0.423670 -0.421356 -0.565798 -0.564549 0.003563
1.335221 1.960508 0.001096 0.000010 2.134986 -0.010286 -0.000048 0.007654 -0.978310 -0.971337 -1.120727 -1.114448 0.013252
1.441838 1.951963 0.001344 0.000012 2.129695 -0.011946 -0.000069 0.009460 -1.340728 -1.331264 -1.483786 -1.474777 0.018474
1.547996 1.943557 0.001646 0.000015 2.116177 -0.012303 -0.000090 0.011132 -1.349465 -1.338061 -1.494636 -1.483595 0.022446
1.653454 1.935559 0.002013 0.000018 2.102160 -0.011397 -0.000109 0.011381 -1.178834 -1.167366 -1.326279 -1.315205 0.022541
1.758125 1.928095 0.002456 0.000022 2.084488 -0.009162 -0.000124 0.010859 -0.792639 -0.782382 -0.942897 -0.933187 0.019967
1.861903 1.921313 0.002992 0.000027 2.066598 -0.005814 -0.000132 0.009620 -0.284533 -0.276534 -0.437579 -0.430365 0.015214
1.964800 1.915244 0.003640 0.000033 2.049351 -0.001769 -0.000134 0.007686 0.281999 0.286771 0.126438 0.130127 0.008460
2.066838 1.909912 0.004420 0.000040 2.032142 0.002729 -0.000128 0.005795 0.897929 0.899457 0.739989 0.740111 0.001650
2.168099 1.905275 0.005361 0.000049 2.018498 0.007092 -0.000115 0.003697 1.445553 1.443712 1.286002 1.282442 -0.005402
2.268688 1.901263 0.006494 0.000059 2.005060 0.011183 -0.000095 0.002238 1.979761 1.975419 1.818765 1.812417 -0.010690
2.368717 1.897797 0.007862 0.000071 1.996341 0.014559 -0.000070 0.001074 2.375406 2.369228 2.213867 2.205463 -0.014583
2.468323 1.894764 0.009511 0.000086 1.987890 0.017230 -0.000041 0.000894 2.718951 2.712340 2.556996 2.547999 -0.015609
2.567609 1.892079 0.011502 0.000105 1.983759 0.019082 -0.000008 0.001252 2.912464 2.906431 2.750845 2.742354 -0.014523
2.666700 1.889629 0.013905 0.000126 1.979872 0.020233 0.000027 0.002722 3.042586 3.038712 2.881357 2.875026 -0.010205
2.765666 1.887353 0.016811 0.000153 1.978943 0.020918 0.000063 0.004669 3.055160 3.054310 2.894769 2.891540 -0.004078
2.864594 1.885169 0.020322 0.000185 1.978180 0.021284 0.000099 0.007747 3.015110 3.018815 2.855527 2.857007 0.005185
2.963515 1.883045 0.024568 0.000223 1.978722 0.021818 0.000138 0.011079 2.911415 2.920125 2.752760 2.759445 0.015395
3.062467 1.880944 0.029702 0.000270 1.979336 0.022617 0.000177 0.015572 2.778100 2.793270 2.620279 2.633693 0.028585
3.161447 1.878867 0.035909 0.000327 1.979860 0.024294 0.000221 0.020119 2.634888 2.656582 2.477767 2.497989 0.041916
3.260452 1.876813 0.043413 0.000395 1.980378 0.026851 0.000269 0.025988 2.487057 2.516829 2.330501 2.359154 0.058425
3.359462 1.874806 0.052477 0.000478 1.979973 0.030939 0.000325 0.031856 2.367999 2.405757 2.211739 2.248727 0.074746
3.458450 1.872870 0.063425 0.000577 1.979515 0.036453 0.000391 0.039439 2.263592 2.311332 2.107481 2.154877 0.095135
3.557387 1.871037 0.076633 0.000698 1.977924 0.044091 0.000471 0.047136 2.205358 2.263118 2.049110 2.106947 0.115596
3.656242 1.869341 0.092564 0.000843 1.976268 0.053648 0.000568 0.057272 2.171455 2.242140 2.014925 2.086214 0.141975
3.754993 1.867808 0.111760 0.001019 1.973754 0.065962 0.000687 0.067767 2.181440 2.265452 2.024411 2.109563 0.169163
3.853617 1.866469 0.134877 0.001230 1.971191 0.080745 0.000832 0.081850 2.215733 2.317453 2.058065 2.161621 0.205275
3.952104 1.865338 0.162695 0.001485 1.968305 0.099142 0.001010 0.096615 2.278505 2.398844 2.120090 2.242994 0.243243
4.050447 1.864431 0.196142 0.001791 1.965401 0.120780 0.001225 0.116651 2.358370 2.503860 2.199061 2.348088 0.294517
4.148650 1.863750 0.236334 0.002160 1.962735 0.147330 0.001488 0.137731 2.446388 2.618522 2.286180 2.462890 0.348845
4.246719 1.863295 0.284582 0.002604 1.960083 0.178310 0.001805 0.166432 2.540705 2.748987 2.379424 2.593679 0.422536
4.344672 1.863057 0.342469 0.003138 1.958089 0.216183 0.002190 0.196544 2.625027 2.871550 2.462733 2.716727 0.500518
4.442527 1.863023 0.411829 0.003780 1.956131 0.260304 0.002650 0.237468 2.704623 3.002878 2.541086 2.848828 0.605998
4.540303 1.863175 0.494877 0.004551 1.955028 0.314258 0.003209 0.280117 2.762620 3.115241 2.597921 2.962181 0.716881
4.638026 1.863494 0.594145 0.005477 1.953974 0.377146 0.003875 0.337780 2.806860 3.232550 2.640682 3.080886 0.865894
4.735715 1.863962 0.712656 0.006588 1.953753 0.454090 0.004681 0.397264 2.825778 3.327446 2.658182 3.177408 1.020892
4.833393 1.864555 0.853819 0.007920 1.953582 0.543810 0.005641 0.477050 2.824775 3.427647 2.655326 3.279784 1.227330
4.931077 1.865260 1.021613 0.009515 1.954067 0.653461 0.006800 0.558131 2.801588 3.508084 2.630315 3.362600 1.438781
5.028784 1.866057 1.220434 0.011422 1.954595 0.781212 0.008179 0.665666 2.755026 3.597907 2.581354 3.455522 1.717048
5.126522 1.866936 1.455221 0.013701 1.955533 0.936797 0.009841 0.772493 2.694183 3.673527 2.518129 3.534387 1.995602
5.224304 1.867884 1.731241 0.016416 1.956508 1.117609 0.011813 0.911902 2.608753 3.764710 2.429606 3.629714 2.356066
5.322129 1.868898 2.054037 0.019643 1.957652 1.336409 0.014183 1.045568 2.519868 3.846316 2.337700 3.715501 2.704249
5.420001 1.869973 2.429107 0.023468 1.958830 1.589522 0.016987 1.215896 2.407526 3.949191 2.221539 3.823603 3.143730
5.517914 1.871112 2.861515 0.027987 1.959992 1.892756 0.020340 1.370068 2.304872 4.042458 2.115327 3.921924 3.544182
5.615865 1.872316 3.355395 0.033300 1.961197 2.241019 0.024291 1.559385 2.183617 4.158906 1.989755 4.044499 4.030032
5.713840 1.873599 3.913070 0.039517 1.962273 2.652146 0.028982 1.714209 2.088272 4.258246 1.890735 4.149411 4.428650
5.811830 1.874967 4.534354 0.046749 1.963416 3.119261 0.034474 1.892383 1.985613 4.375291 1.783913 4.272865 4.878630
5.909814 1.876442 5.215186 0.055102 1.964390 3.659259 0.040928 2.009163 1.928988 4.459633 1.724357 4.362453 5.168740
6.007776 1.878040 5.946939 0.064674 1.965463 4.263229 0.048415 2.123519 1.885416 4.546307 1.677946 4.454564 5.437510
6.105691 1.879789 6.715023 0.075539 1.966409 4.941346 0.057095 2.146131 1.909799 4.580237 1.701420 4.491971 5.460989
6.203537 1.881712 7.498822 0.087744 1.967475 5.682788 0.067039 2.127711 1.976258 4.592254 1.767925 4.506541 5.354612
6.301286 1.883841 8.271385 0.101294 1.968560 6.482491 0.078362 1.997883 2.125968 4.536477 1.920111 4.450616 4.941014
6.398917 1.886205 9.000735 0.116140 1.969746 7.328661 0.091124 1.784688 2.348833 4.432066 2.147353 4.343717 4.279597
6.496414 1.888824 9.651843 0.132177 1.971220 8.192127 0.105337 1.471444 2.648880 4.262745 2.454075 4.168998 3.328788
6.593759 1.891724 10.189258 0.149235 1.972711 9.062379 0.121025 1.043891 3.042635 4.025853 2.857089 3.923071 2.049200
6.690971 1.894893 10.581071 0.167094 1.974821 9.882133 0.138046 0.572947 3.472547 3.753377 3.297494 3.639482 0.622818
6.788052 1.898336 10.801498 0.185467 1.976834 10.645898 0.156361 -0.018669 3.993483 3.410356 3.831625 3.281087 -1.133666
6.885068 1.901992 10.834359 0.204061 1.979673 11.274968 0.175649 -0.558278 4.475257 3.083877 4.325942 2.939162 -2.778160
6.982050 1.905832 10.674173 0.222535 1.982385 11.773304 0.195794 -1.197723 5.018634 2.700819 4.884022 2.536781 -4.665056
7.079107 1.909747 10.326478 0.240582 1.985811 12.059708 0.216323 -1.682231 5.436289 2.392621 5.313613 2.211832 -6.145450
7.176300 1.913669 9.807133 0.257891 1.989257 12.150890 0.237041 -2.228550 5.870063 2.052046 5.760480 1.851905 -7.726593
7.273750 1.917469 9.139406 0.274202 1.992993 11.987987 0.257406 -2.552107 6.117718 1.828768 6.016930 1.614056 -8.691824
7.371524 1.921065 8.351718 0.289289 1.997009 11.600422 0.277170 -2.898859 6.339683 1.597181 6.247788 1.366935 -9.623354
7.469712 1.924348 7.474046 0.302974 2.000833 10.970319 0.295833 -3.021482 6.370695 1.491174 6.283095 1.250920 -9.911697
7.568358 1.927252 6.534518 0.315127 2.005098 10.135274 0.313139 -3.141878 6.354320 1.391072 6.270415 1.141234 -10.092429
7.667492 1.929724 5.557646 0.325650 2.008878 9.120427 0.328730 -3.104613 6.199583 1.385148 6.115871 1.130217 -9.800089
7.767113 1.931740 4.560927 0.334489 2.013016 7.963460 0.342393 -3.058524 6.000427 1.384179 5.916205 1.125292 -9.407161
7.867193 1.933304 3.555444 0.341603 2.016574 6.716170 0.353959 -2.958534 5.747892 1.419553 5.661684 1.158959 -8.831064
7.967686 1.934440 2.543826 0.346967 2.020246 5.407781 0.363299 -2.860522 5.473290 1.445375 5.384854 1.184111 -8.228657
8.068532 1.935191 1.522321 0.350554 2.023274 4.090179 0.370403 -2.804601 5.228325 1.450875 5.138243 1.188763 -7.726930
8.169659 1.935610 0.480422 0.352328 2.026203 2.778832 0.375232 -2.772383 4.993289 1.427273 4.902087 1.164568 -7.303535
8.270996 1.935757 -0.596298 0.352232 2.028354 1.501746 0.377849 -2.833105 4.841235 1.354986 4.750725 1.089844 -7.147130
8.372467 1.935700 -1.725458 0.350182 2.030336 0.260811 0.378277 -2.937801 4.728419 1.241466 4.639780 0.973082 -7.153650
8.474001 1.935504 -2.924064 0.346070 2.031375 -0.951297 0.376551 -3.122248 4.706265 1.093373 4.621203 0.819589 -7.414505
8.575524 1.935243 -4.207143 0.339754 2.032305 -2.141006 0.372702 -3.351225 4.735089 0.912281 4.654854 0.631595 -7.846066
8.676962 1.934992 -5.582233 0.331081 2.032173 -3.346216 0.366667 -3.583063 4.812752 0.752263 4.737542 0.463787 -8.334245
8.778240 1.934833 -7.047988 0.319886 2.032077 -4.573815 0.358442 -3.822542 4.922733 0.597737 4.852881 0.300325 -8.877552
8.879267 1.934867 -8.587250 0.306032 2.030927 -5.872145 0.347855 -3.947428 5.003820 0.546651 4.937018 0.241984 -9.152202
8.979961 1.935191 -10.167840 0.289413 2.029995 -7.241309 0.334850 -4.003111 5.067649 0.569686 5.002269 0.258402 -9.241831
9.080216 1.935930 -11.737823 0.270022 2.028297 -8.708297 0.319229 -3.839651 5.026072 0.772902 4.957326 0.459519 -8.750977
9.179937 1.937202 -13.231798 0.247940 2.026919 -10.262826 0.300910 -3.515008 4.906658 1.130008 4.830519 0.818045 -7.789124
9.279040 1.939122 -14.574069 0.223396 2.025593 -11.876491 0.279821 -2.953081 4.656448 1.687411 4.567267 1.382832 -6.153472
9.377438 1.941810 -15.688777 0.196765 2.024415 -13.531180 0.255913 -2.166127 4.288321 2.451974 4.180402 2.161197 -3.855552
9.475140 1.945290 -16.510830 0.168513 2.024587 -15.124540 0.229403 -1.257977 3.842433 3.332504 3.712261 3.060214 -1.161976
9.572115 1.949631 -16.991426 0.139272 2.024475 -16.640219 0.200348 -0.122201 3.277990 4.409308 3.119967 4.163489 2.174840
9.668536 1.954691 -17.107314 0.109611 2.026734 -17.917349 0.169333 0.908920 2.747362 5.412711 2.563033 5.194060 5.296377
9.764478 1.960422 -16.859352 0.080228 2.028487 -18.955009 0.136568 2.107764 2.131519 6.529418 1.917229 6.345236 8.825905
9.860270 1.966512 -16.271677 0.051626 2.032414 -19.585516 0.102942 2.958737 1.671146 7.350956 1.434436 7.196652 11.442027
9.956096 1.972777 -15.389694 0.024359 2.036331 -19.834452 0.068823 3.884377 1.175062 8.166816 0.915063 8.046819 14.123509
10.052328 1.978837 -14.271397 -0.001215 2.041095 -19.592953 0.035216 4.313323 0.919190 8.546333 0.647362 8.451515 15.431297
10.149186 1.984444 -12.985102 -0.024786 2.046779 -18.914977 0.002600 4.730523 0.675717 8.823014 0.393473 8.753823 16.507647
10.246933 1.989298 -11.602106 -0.046153 2.052054 -17.795067 -0.028150 4.672756 0.680788 8.677578 0.399287 8.623196 16.220699
10.345713 1.993206 -10.189304 -0.065229 2.058650 -16.305414 -0.056545 4.545649 0.730066 8.385941 0.451893 8.343277 15.547259
10.445593 1.996049 -8.807923 -0.081980 2.064553 -14.542680 -0.082066 4.126962 0.942220 7.821999 0.674346 7.782374 13.987806
10.546573 1.997769 -7.504385 -0.096484 2.071191 -12.577922 -0.104342 3.608246 1.204282 7.114100 0.949608 7.072426 12.032637
10.648553 1.998414 -6.313004 -0.108859 2.077421 -10.564096 -0.123313 3.045446 1.486078 6.331051 1.245992 6.283425 9.882406
10.751420 1.998052 -5.252541 -0.119285 2.083414 -8.550792 -0.138835 2.374085 1.800526 5.432919 1.577708 5.374059 7.428744
10.855002 1.996811 -4.329925 -0.127969 2.088906 -6.684394 -0.151235 1.857382 2.010755 4.626438 1.802132 4.557326 5.370877
10.959149 1.994813 -3.542190 -0.135130 2.093634 -4.981351 -0.160610 1.245278 2.230765 3.750364 2.038344 3.666870 3.148125
11.063701 1.992191 -2.880056 -0.140987 2.097149 -3.536117 -0.167504 0.881709 2.297703 3.069160 2.116149 2.975337 1.630645
11.168526 1.989062 -2.330215 -0.145747 2.099961 -2.333472 -0.172176 0.450187 2.363652 2.369838 2.194053 2.263232 0.075364
11.273506 1.985530 -1.878385 -0.149592 2.100753 -1.403947 -0.175190 0.261879 2.304000 1.901034 2.140837 1.786483 -0.757320
11.378540 1.981696 -1.509709 -0.152687 2.101121 -0.712229 -0.176861 0.034398 2.248585 1.456039 2.092145 1.332583 -1.552109
11.483547 1.977636 -1.210963 -0.155169 2.099136 -0.239264 -0.177635 -0.016568 2.133851 1.219542 1.979835 1.091110 -1.803034
11.588449 1.973434 -0.969787 -0.157156 2.096932 0.055624 -0.177782 -0.085392 2.035912 1.028085 1.884172 0.894682 -1.997317
11.693192 1.969149 -0.775937 -0.158742 2.092685 0.215521 -0.177575 -0.061558 1.940949 0.986104 1.788974 0.850060 -1.893759
11.797716 1.964851 -0.620411 -0.160008 2.088312 0.274569 -0.177193 -0.043872 1.872367 0.989173 1.719931 0.850899 -1.752226
11.901991 1.960582 -0.495933 -0.161017 2.082653 0.276087 -0.176749 -0.001453 1.840318 1.072012 1.686538 0.932389 -1.522455
12.005980 1.956393 -0.396387 -0.161821 2.076919 0.241736 -0.176329 0.039054 1.836205 1.186364 1.680979 1.045805 -1.285015
12.109672 1.952309 -0.316853 -0.162462 2.070775 0.200844 -0.175946 0.066333 1.870945 1.321840 1.714442 1.180334 -1.083213
12.213056 1.948355 -0.253330 -0.162973 2.064607 0.162717 -0.175617 0.092106 1.927522 1.471371 1.769787 1.329148 -0.896790
12.316139 1.944541 -0.202592 -0.163380 2.058755 0.139477 -0.175314 0.094375 2.005182 1.605026 1.846801 1.461770 -0.785188
12.418930 1.940871 -0.162071 -0.163705 2.052921 0.132039 -0.175026 0.094688 2.094357 1.738311 1.935458 1.594065 -0.697439
12.521448 1.937343 -0.129691 -0.163964 2.047836 0.139633 -0.174727 0.078330 2.181277 1.840435 2.022399 1.694974 -0.668267
12.623713 1.933948 -0.103817 -0.164171 2.042795 0.159593 -0.174398 0.060105 2.269388 1.933821 2.110656 1.787090 -0.659133
12.725747 1.930677 -0.083126 -0.164336 2.038619 0.185197 -0.174034 0.037606 2.337599 1.996545 2.179298 1.848566 -0.671786
12.827574 1.927516 -0.066581 -0.164469 2.034494 0.213758 -0.173626 0.013954 2.399986 2.048210 2.242188 1.898917 -0.695048
12.929212 1.924458 -0.053341 -0.164574 2.031109 0.238468 -0.173185 -0.004166 2.435828 2.078011 2.278557 1.927633 -0.708741
13.030683 1.921489 -0.042746 -0.164659 2.027767 0.258247 -0.172714 -0.022478 2.463521 2.098864 2.306781 1.947379 -0.724060
13.131998 1.918606 -0.034263 -0.164727 2.024914 0.269333 -0.172231 -0.031375 2.468515 2.108718 2.312174 1.956429 -0.715542
13.233172 1.915802 -0.027470 -0.164781 2.022089 0.272297 -0.171744 -0.039660 2.467193 2.114025 2.311203 1.960962 -0.703410
13.334210 1.913079 -0.022030 -0.164824 2.019491 0.266862 -0.171270 -0.039911 2.453234 2.117386 2.297426 1.963800 -0.669473
13.435119 1.910436 -0.017671 -0.164859 2.016907 0.254473 -0.170817 -0.039114 2.437195 2.120959 2.281499 1.966910 -0.630825
13.535900 1.907880 -0.014178 -0.164887 2.014359 0.237114 -0.170395 -0.034300 2.419517 2.128197 2.263807 1.973822 -0.581306
13.636553 1.905414 -0.011378 -0.164909 2.011814 0.216233 -0.170009 -0.028390 2.404376 2.139428 2.248581 1.984789 -0.528740
13.737079 1.903047 -0.009134 -0.164927 2.009222 0.194412 -0.169660 -0.022464 2.395503 2.156432 2.239574 2.001551 -0.477094
13.837474 1.900787 -0.007334 -0.164942 2.006627 0.172548 -0.169349 -0.015653 2.392594 2.179601 2.236475 2.024524 -0.424943
13.937740 1.898641 -0.005890 -0.164953 2.004003 0.152603 -0.169071 -0.011275 2.399047 2.207900 2.242750 2.052581 -0.381316
14.037874 1.896616 -0.004732 -0.164962 2.001377 0.134798 -0.168825 -0.006299 2.412965 2.242898 2.256453 2.087359 -0.339163
14.137878 1.894717 -0.003803 -0.164970 1.998807 0.119999 -0.168604 -0.004367 2.434935 2.280666 2.278258 2.124847 -0.307680
14.237754 1.892950 -0.003057 -0.164976 1.996240 0.107941 -0.168405 -0.002078 2.464025 2.324390 2.307159 2.168294 -0.278499
14.337506 1.891317 -0.002458 -0.164980 1.993840 0.098545 -0.168224 -0.002161 2.497173 2.367827 2.340178 2.211420 -0.258103
14.437138 1.889818 -0.001977 -0.164984 1.991450 0.091349 -0.168056 -0.002006 2.535847 2.415755 2.378706 2.259030 -0.239768
14.536657 1.888454 -0.001590 -0.164987 1.989324 0.085779 -0.167899 -0.003076 2.573920 2.460497 2.416688 2.303457 -0.226654
14.636070 1.887222 -0.001279 -0.164990 1.987214 0.081422 -0.167751 -0.003933 2.615482 2.508082 2.458145 2.350722 -0.214823
14.735386 1.886119 -0.001029 -0.164992 1.985430 0.077651 -0.167610 -0.005027 2.652695 2.550333 2.495294 2.392690 -0.204966
14.834613 1.885142 -0.000828 -0.164993 1.983664 0.074221 -0.167476 -0.005883 2.691592 2.594030 2.534111 2.436101 -0.195572
14.933760 1.884285 -0.000667 -0.164995 1.982242 0.070723 -0.167350 -0.006450 2.724095 2.631287 2.566568 2.473128 -0.186248
15.032837 1.883543 -0.000537 -0.164996 1.980839 0.067081 -0.167230 -0.006749 2.757103 2.669082 2.599509 2.510691 -0.176838
15.131852 1.882911 -0.000432 -0.164997 1.979761 0.063173 -0.167118 -0.006688 2.783407 2.700367 2.625772 2.541800 -0.167011
15.230813 1.882383 -0.000348 -0.164997 1.978701 0.059030 -0.167013 -0.006353 2.809743 2.731816 2.652047 2.573074 -0.156900
15.329728 1.881954 -0.000280 -0.164998 1.977922 0.054743 -0.166915 -0.005861 2.830311 2.757478 2.672576 2.598605 -0.146804
15.428605 1.881618 -0.000226 -0.164998 1.977159 0.050374 -0.166826 -0.005117 2.851001 2.783360 2.693204 2.624356 -0.136489
15.527449 1.881372 -0.000182 -0.164999 1.976627 0.046104 -0.166744 -0.004485 2.867424 2.804605 2.709586 2.645497 -0.126907
15.626268 1.881211 -0.000146 -0.164999 1.976107 0.041971 -0.166669 -0.003642 2.884356 2.826368 2.726456 2.667154 -0.117289
15.725065 1.881131 -0.000118 -0.164999 1.975774 0.038139 -0.166600 -0.003102 2.898478 2.844687 2.740534 2.685380 -0.108944
15.823845 1.881128 -0.000095 -0.164999 1.975451 0.034604 -0.166538 -0.002397 2.913532 2.863866 2.755525 2.704462 -0.100730
15.922613 1.881198 -0.000076 -0.164999 1.975281 0.031456 -0.166481 -0.002058 2.926810 2.880550 2.768756 2.721055 -0.093961
16.021373 1.881338 -0.000062 -0.165000 1.975119 0.028658 -0.166430 -0.001591 2.941293 2.898326 2.783176 2.738732 -0.087411
16.120128 1.881546 -0.000050 -0.165000 1.975091 0.026224 -0.166382 -0.001445 2.954483 2.914169 2.796317 2.754481 -0.082151
16.218882 1.881816 -0.000040 -0.165000 1.975070 0.024098 -0.166339 -0.001198 2.968921 2.931145 2.810691 2.771356 -0.077110
16.317638 1.882147 -0.000032 -0.165000 1.975174 0.022246 -0.166298 -0.001175 2.982080 2.946364 2.823799 2.786480 -0.073034
16.416400 1.882535 -0.000026 -0.165000 1.975285 0.020616 -0.166261 -0.001067 2.996308 2.962568 2.837964 2.802582 -0.069122
16.515170 1.882976 -0.000021 -0.165000 1.975516 0.019158 -0.166226 -0.001085 3.008996 2.976918 2.850602 2.816840 -0.065840
16.613951 1.883466 -0.000017 -0.165000 1.975755 0.017833 -0.166194 -0.001028 3.022429 2.991965 2.863975 2.831790 -0.062649
16.712748 1.884002 -0.000014 -0.165000 1.976111 0.016603 -0.166164 -0.001031 3.033993 3.004949 2.875490 2.844689 -0.059846
16.811562 1.884580 -0.000011 -0.165000 1.976473 0.015445 -0.166136 -0.000963 3.045927 3.018283 2.887368 2.857936 -0.057075
16.910398 1.885196 -0.000009 -0.165000 1.976947 0.014341 -0.166110 -0.000928 3.055759 3.029383 2.897155 2.868962 -0.054568
17.009257 1.885845 -0.000007 -0.165000 1.977427 0.013280 -0.166086 -0.000828 3.065614 3.040504 2.906959 2.880006 -0.052063
17.108143 1.886525 -0.000006 -0.165000 1.978007 0.012262 -0.166063 -0.000761 3.073317 3.049356 2.914622 2.888796 -0.049787
17.207058 1.887230 -0.000005 -0.165000 1.978591 0.011285 -0.166043 -0.000636 3.080779 3.057967 2.922041 2.897343 -0.047510
17.306004 1.887957 -0.000004 -0.165000 1.979260 0.010358 -0.166024 -0.000555 3.086230 3.064444 2.927457 2.903768 -0.045475
17.404984 1.888703 -0.000003 -0.165000 1.979934 0.009478 -0.166007 -0.000424 3.091275 3.070510 2.932464 2.909782 -0.043446
17.503999 1.889463 -0.000002 -0.165000 1.980673 0.008659 -0.165991 -0.000348 3.094594 3.074721 2.935753 2.913949 -0.041676
17.603051 1.890235 -0.000002 -0.165000 1.981415 0.007896 -0.165976 -0.000231 3.097427 3.078436 2.938554 2.917621 -0.039925
17.702141 1.891015 -0.000002 -0.165000 1.982203 0.007197 -0.165963 -0.000170 3.098895 3.080658 2.939997 2.919806 -0.038428
17.801271 1.891800 -0.000001 -0.165000 1.982994 0.006555 -0.165950 -0.000076 3.099857 3.082358 2.940931 2.921470 -0.036960
17.900442 1.892587 -0.000001 -0.165000 1.983814 0.005975 -0.165939 -0.000033 3.099820 3.082945 2.940871 2.922025 -0.035721
17.999653 1.893374 -0.000001 -0.165000 1.984634 0.005446 -0.165929 0.000036 3.099281 3.083014 2.940308 2.922062 -0.034513
18.098905 1.894157 -0.000001 -0.165000 1.985467 0.004970 -0.165920 0.000065 3.098063 3.082310 2.939070 2.921330 -0.033493
18.198199 1.894936 -0.000001 -0.165000 1.986302 0.004536 -0.165911 0.000115 3.096349 3.081094 2.937336 2.920087 -0.032504
18.297535 1.895707 -0.000000 -0.165000 1.987136 0.004143 -0.165903 0.000136 3.094206 3.079376 2.935173 2.918344 -0.031658
18.396913 1.896468 -0.000000 -0.165000 1.987970 0.003784 -0.165896 0.000173 3.091559 3.077141 2.932509 2.916086 -0.030841
18.496332 1.897218 -0.000000 -0.165000 1.988794 0.003455 -0.165889 0.000192 3.088661 3.074601 2.929594 2.913523 -0.030131
18.595792 1.897955 -0.000000 -0.165000 1.989617 0.003151 -0.165883 0.000223 3.085235 3.071520 2.926153 2.910424 -0.029444
18.695293 1.898677 -0.000000 -0.165000 1.990424 0.002870 -0.165877 0.000241 3.081681 3.068271 2.922584 2.907155 -0.028839
18.794835 1.899382 -0.000000 -0.165000 1.991229 0.002609 -0.165872 0.000269 3.077562 3.064446 2.918452 2.903315 -0.028253
18.894416 1.900070 -0.000000 -0.165000 1.992010 0.002367 -0.165867 0.000288 3.073406 3.060552 2.914283 2.899405 -0.027732
18.994036 1.900739 -0.000000 -0.165000 1.992789 0.002142 -0.165863 0.000315 3.068645 3.056044 2.909514 2.894886 -0.027230
19.093694 1.901388 -0.000000 -0.165000 1.993539 0.001933 -0.165859 0.000334 3.063928 3.051551 2.904786 2.890381 -0.026782
19.193390 1.902015 -0.000000 -0.165000 1.994288 0.001738 -0.165855 0.000358 3.058576 3.046414 2.899428 2.885237 -0.026353
19.293122 1.902620 -0.000000 -0.165000 1.995001 0.001559 -0.165852 0.000376 3.053349 3.041379 2.894194 2.880193 -0.025971
19.392890 1.903202 -0.000000 -0.165000 1.995713 0.001394 -0.165849 0.000396 3.047472 3.035683 2.888313 2.874494 -0.025608
19.492692 1.903760 -0.000000 -0.165000 1.996385 0.001242 -0.165846 0.000412 3.041811 3.030184 2.882647 2.868990 -0.025285
19.592528 1.904294 -0.000000 -0.165000 1.997055 0.001103 -0.165843 0.000429 3.035501 3.024026 2.876337 2.862831 -0.024982
19.692397 1.904803 -0.000000 -0.165000 1.997681 0.000976 -0.165841 0.000443 3.029506 3.018165 2.870339 2.856968 -0.024711
19.792296 1.905286 -0.000000 -0.165000 1.998305 0.000861 -0.165839 0.000457 3.022879 3.011664 2.863714 2.850469 -0.024460
19.892226 1.905743 -0.000000 -0.165000 1.998881 0.000756 -0.165837 0.000469 3.016664 3.005561 2.857498 2.844367 -0.024234
19.992185 1.906174 -0.000000 -0.165000 1.999455 0.000660 -0.165835 0.000479 3.009849 2.998849 2.850687 2.837659 -0.024027
20.092170 1.906580 -0.000000 -0.165000 1.999978 0.000574 -0.165834 0.000489 3.003534 2.992629 2.844373 2.831440 -0.023838
20.192182 1.906959 -0.000000 -0.165000 2.000499 0.000495 -0.165833 0.000497 2.996659 2.985837 2.837503 2.824656 -0.023669
20.292219 1.907312 -0.000000 -0.165000 2.000968 0.000424 -0.165831 0.000507 2.990357 2.979614 2.831204 2.818436 -0.023510
20.392279 1.907640 -0.000000 -0.165000 2.001434 0.000359 -0.165830 0.000512 2.983537 2.972863 2.824391 2.811694 -0.023371
20.492361 1.907942 -0.000000 -0.165000 2.001848 0.000300 -0.165829 0.000521 2.977345 2.966737 2.818202 2.805572 -0.023237
20.592464 1.908219 -0.000000 -0.165000 2.002258 0.000246 -0.165828 0.000526 2.970678 2.960128 2.811543 2.798972 -0.023122
20.692586 1.908471 -0.000000 -0.165000 2.002616 0.000198 -0.165827 0.000534 2.964673 2.954178 2.805543 2.793028 -0.023010
20.792726 1.908698 -0.000000 -0.165000 2.002972 0.000154 -0.165826 0.000537 2.958236 2.947787 2.799114 2.786647 -0.022915
20.892882 1.908902 -0.000000 -0.165000 2.003276 0.000115 -0.165826 0.000544 2.952477 2.942075 2.793360 2.780941 -0.022820
20.993053 1.909082 -0.000000 -0.165000 2.003577 0.000079 -0.165825 0.000546 2.946325 2.935962 2.787218 2.774839 -0.022742
21.093238 1.909240 -0.000000 -0.165000 2.003828 0.000047 -0.165824 0.000553 2.940855 2.930531 2.781753 2.769415 -0.022662
21.193436 1.909375 -0.000000 -0.165000 2.004077 0.000018 -0.165824 0.000554 2.935032 2.924739 2.775940 2.763635 -0.022598
21.293645 1.909490 -0.000000 -0.165000 2.004278 -0.000008 -0.165823 0.000560 2.929881 2.919622 2.770796 2.758525 -0.022530
21.393864 1.909583 -0.000000 -0.165000 2.004476 -0.000031 -0.165823 0.000561 2.924417 2.914183 2.765342 2.753098 -0.022478
21.494091 1.909656 -0.000000 -0.165000 2.004630 -0.000051 -0.165822 0.000566 2.919612 2.909406 2.760544 2.748329 -0.022421
21.594327 1.909711 -0.000000 -0.165000 2.004780 -0.000070 -0.165822 0.000566 2.914532 2.904346 2.755474 2.743282 -0.022378
21.694568 1.909747 -0.000000 -0.165000 2.004889 -0.000086 -0.165822 0.000570 2.910091 2.899929 2.751041 2.738873 -0.022330
21.794816 1.909765 -0.000000 -0.165000 2.004995 -0.000100 -0.165821 0.000570 2.905415 2.895271 2.746376 2.734226 -0.022294
21.895067 1.909767 -0.000000 -0.165000 2.005061 -0.000113 -0.165821 0.000573 2.901356 2.891231 2.742324 2.730196 -0.022253
21.995322 1.909752 -0.000000 -0.165000 2.005125 -0.000124 -0.165821 0.000573 2.897102 2.886991 2.738080 2.725967 -0.022224
22.095579 1.909723 -0.000000 -0.165000 2.005153 -0.000133 -0.165820 0.000576 2.893438 2.883344 2.734424 2.722329 -0.022189
22.195837 1.909679 -0.000000 -0.165000 2.005179 -0.000142 -0.165820 0.000575 2.889618 2.879536 2.730614 2.718532 -0.022164
22.296096 1.909622 -0.000000 -0.165000 2.005171 -0.000149 -0.165820 0.000578 2.886358 2.876291 2.727362 2.715296 -0.022133
22.396354 1.909552 -0.000000 -0.165000 2.005162 -0.000156 -0.165820 0.000577 2.882981 2.872924 2.723995 2.711939 -0.022113
22.496611 1.909471 -0.000000 -0.165000 2.005123 -0.000161 -0.165819 0.000579 2.880130 2.870086 2.721151 2.709109 -0.022086
22.596866 1.909379 -0.000000 -0.165000 2.005082 -0.000166 -0.165819 0.000578 2.877198 2.867162 2.718228 2.706196 -0.022068
22.697119 1.909277 -0.000000 -0.165000 2.005014 -0.000170 -0.165819 0.000580 2.874754 2.864730 2.715791 2.703771 -0.022044
22.797368 1.909166 -0.000000 -0.165000 2.004945 -0.000174 -0.165819 0.000578 2.872262 2.862245 2.713308 2.701296 -0.022028
22.897613 1.909046 -0.000000 -0.165000 2.004853 -0.000177 -0.165818 0.000580 2.870217 2.860211 2.711271 2.699270 -0.022008
22.997853 1.908919 -0.000000 -0.165000 2.004760 -0.000180 -0.165818 0.000579 2.868155 2.858156 2.709217 2.697223 -0.021993
23.098088 1.908785 -0.000000 -0.165000 2.004647 -0.000182 -0.165818 0.000580 2.866498 2.856507 2.707566 2.695582 -0.021975
23.198318 1.908646 -0.000000 -0.165000 2.004533 -0.000184 -0.165818 0.000579 2.864850 2.854866 2.705926 2.693948 -0.021962
23.298541 1.908501 -0.000000 -0.165000 2.004402 -0.000185 -0.165818 0.000579 2.863561 2.853585 2.704643 2.692674 -0.021945
23.398758 1.908351 -0.000000 -0.165000 2.004270 -0.000187 -0.165818 0.000578 2.862306 2.852336 2.703396 2.691432 -0.021934
23.498968 1.908198 -0.000000 -0.165000 2.004126 -0.000188 -0.165817 0.000579 2.861365 2.851403 2.702461 2.690505 -0.021918
23.599171 1.908042 -0.000000 -0.165000 2.003980 -0.000189 -0.165817 0.000577 2.860479 2.850523 2.701581 2.689631 -0.021907
23.699366 1.907884 -0.000000 -0.165000 2.003825 -0.000190 -0.165817 0.000578 2.859863 2.849913 2.700970 2.689027 -0.021893
23.799553 1.907723 -0.000000 -0.165000 2.003669 -0.000191 -0.165817 0.000577 2.859320 2.849376 2.700433 2.688495 -0.021882
23.899732 1.907562 -0.000000 -0.165000 2.003505 -0.000192 -0.165817 0.000577 2.859003 2.849065 2.700121 2.688189 -0.021869
23.999904 1.907400 -0.000000 -0.165000 2.003341 -0.000193 -0.165816 0.000576 2.858775 2.848842 2.699897 2.687972 -0.021858
24.100066 1.907238 -0.000000 -0.165000 2.003173 -0.000193 -0.165816 0.000576 2.858731 2.848805 2.699858 2.687938 -0.021846
24.200221 1.907076 -0.000000 -0.165000 2.003004 -0.000194 -0.165816 0.000575 2.858790 2.848869 2.699921 2.688006 -0.021835
24.300367 1.906915 -0.000000 -0.165000 2.002833 -0.000195 -0.165816 0.000575 2.858993 2.849078 2.700128 2.688219 -0.021824
24.400504 1.906756 -0.000000 -0.165000 2.002662 -0.000196 -0.165816 0.000574 2.859309 2.849399 2.700447 2.688543 -0.021814
24.500633 1.906599 -0.000000 -0.165000 2.002491 -0.000197 -0.165816 0.000574 2.859732 2.849828 2.700874 2.688975 -0.021803
24.600753 1.906444 -0.000000 -0.165000 2.002320 -0.000198 -0.165815 0.000573 2.860277 2.850378 2.701422 2.689528 -0.021793
24.700865 1.906291 -0.000000 -0.165000 2.002152 -0.000199 -0.165815 0.000573 2.860894 2.851000 2.702042 2.690153 -0.021783
24.800968 1.906142 -0.000000 -0.165000 2.001983 -0.000200 -0.165815 0.000572 2.861638 2.851750 2.702788 2.690904 -0.021773
24.901063 1.905996 -0.000000 -0.165000 2.001818 -0.000201 -0.165815 0.000571 2.862423 2.852539 2.703575 2.691695 -0.021763
25.001150 1.905854 -0.000000 -0.165000 2.001654 -0.000203 -0.165815 0.000571 2.863338 2.853460 2.704492 2.692617 -0.021753
25.101229 1.905716 -0.000000 -0.165000 2.001495 -0.000204 -0.165815 0.000570 2.864263 2.854390 2.705419 2.693549 -0.021745
25.201300 1.905582 -0.000000 -0.165000 2.001336 -0.000205 -0.165815 0.000570 2.865322 2.855453 2.706479 2.694613 -0.021734
25.301363 1.905452 -0.000000 -0.165000 2.001184 -0.000207 -0.165814 0.000569 2.866363 2.856499 2.707522 2.695659 -0.021726
25.401418 1.905327 -0.000000 -0.165000 2.001033 -0.000209 -0.165814 0.000570 2.867537 2.857678 2.708696 2.696839 -0.021716
25.501466 1.905207 -0.000000 -0.165000 2.000889 -0.000210 -0.165814 0.000569 2.868669 2.858815 2.709830 2.697976 -0.021709
25.601507 1.905092 -0.000000 -0.165000 2.000746 -0.000212 -0.165814 0.000569 2.869933 2.860083 2.711093 2.699244 -0.021699
25.701541 1.904982 -0.000000 -0.165000 2.000612 -0.000214 -0.165814 0.000568 2.871133 2.861287 2.712294 2.700448 -0.021692
25.801568 1.904877 -0.000000 -0.165000 2.000478 -0.000216 -0.165814 0.000568 2.872461 2.862621 2.713622 2.701780 -0.021682
25.901589 1.904777 -0.000000 -0.165000 2.000354 -0.000218 -0.165814 0.000567 2.873708 2.863870 2.714868 2.703030 -0.021676
26.001604 1.904683 -0.000000 -0.165000 2.000231 -0.000220 -0.165814 0.000567 2.875077 2.865245 2.716237 2.704403 -0.021667
26.101612 1.904594 -0.000000 -0.165000 2.000117 -0.000222 -0.165813 0.000566 2.876349 2.866520 2.717509 2.705677 -0.021660
26.201615 1.904510 -0.000000 -0.165000 2.000004 -0.000224 -0.165813 0.000567 2.877738 2.867914 2.718897 2.707070 -0.021652
26.301613 1.904431 -0.000000 -0.165000 1.999902 -0.000226 -0.165813 0.000566 2.879017 2.869196 2.720175 2.708351 -0.021646
26.401606 1.904358 -0.000000 -0.165000 1.999801 -0.000229 -0.165813 0.000566 2.880406 2.870590 2.721564 2.709743 -0.021637
26.501593 1.904291 -0.000000 -0.165000 1.999710 -0.000231 -0.165813 0.000565 2.881675 2.871862 2.722832 2.711014 -0.021632
26.601576 1.904228 -0.000000 -0.165000 1.999619 -0.000233 -0.165813 0.000566 2.883048 2.873238 2.724203 2.712388 -0.021624
26.701555 1.904171 -0.000000 -0.165000 1.999539 -0.000236 -0.165813 0.000565 2.884292 2.874485 2.725446 2.713634 -0.021619
26.801530 1.904119 -0.000000 -0.165000 1.999460 -0.000238 -0.165813 0.000566 2.885631 2.875829 2.726784 2.714975 -0.021611
26.901502 1.904072 -0.000000 -0.165000 1.999392 -0.000241 -0.165813 0.000565 2.886837 2.877037 2.727989 2.716182 -0.021607
27.001470 1.904029 -0.000000 -0.165000 1.999324 -0.000243 -0.165813 0.000566 2.888130 2.878334 2.729280 2.717476 -0.021600
27.101434 1.903992 -0.000000 -0.165000 1.999267 -0.000245 -0.165813 0.000565 2.889287 2.879493 2.730435 2.718633 -0.021596
27.201396 1.903959 -0.000000 -0.165000 1.999210 -0.000247 -0.165812 0.000565 2.890522 2.880731 2.731668 2.719869 -0.021589
27.301356 1.903931 -0.000000 -0.165000 1.999163 -0.000250 -0.165812 0.000565 2.891619 2.881831 2.732764 2.720967 -0.021586
27.401313 1.903908 -0.000000 -0.165000 1.999116 -0.000252 -0.165812 0.000565 2.892786 2.883001 2.733929 2.722135 -0.021580
27.501267 1.903888 -0.000000 -0.165000 1.999080 -0.000254 -0.165812 0.000565 2.893817 2.884033 2.734958 2.723165 -0.021577
27.601221 1.903873 -0.000000 -0.165000 1.999043 -0.000257 -0.165812 0.000565 2.894908 2.885127 2.736047 2.724256 -0.021571
27.701172 1.903862 -0.000000 -0.165000 1.999016 -0.000259 -0.165812 0.000565 2.895865 2.886085 2.737002 2.725213 -0.021569
27.801122 1.903854 -0.000000 -0.165000 1.998990 -0.000261 -0.165812 0.000565 2.896874 2.887097 2.738009 2.726222 -0.021564
27.901071 1.903850 -0.000000 -0.165000 1.998972 -0.000263 -0.165812 0.000565 2.897752 2.887977 2.738886 2.727099 -0.021561
28.001019 1.903850 -0.000000 -0.165000 1.998954 -0.000265 -0.165812 0.000566 2.898674 2.888901 2.739806 2.728022 -0.021557
28.100967 1.903853 -0.000000 -0.165000 1.998944 -0.000267 -0.165812 0.000565 2.899471 2.889699 2.740601 2.728817 -0.021555
28.200914 1.903859 -0.000000 -0.165000 1.998935 -0.000269 -0.165812 0.000566 2.900303 2.890533 2.741431 2.729649 -0.021551
28.300860 1.903868 -0.000000 -0.165000 1.998933 -0.000271 -0.165812 0.000565 2.901016 2.891247 2.742142 2.730361 -0.021550
28.400807 1.903879 -0.000000 -0.165000 1.998931 -0.000273 -0.165812 0.000566 2.901756 2.891989 2.742880 2.731101 -0.021546
28.500754 1.903894 -0.000000 -0.165000 1.998936 -0.000275 -0.165812 0.000566 2.902384 2.892618 2.743507 2.731728 -0.021545
28.600701 1.903910 -0.000000 -0.165000 1.998941 -0.000276 -0.165812 0.000566 2.903033 2.893268 2.744154 2.732376 -0.021542
28.700648 1.903929 -0.000000 -0.165000 1.998952 -0.000278 -0.165812 0.000566 2.903577 2.893813 2.744696 2.732919 -0.021541
28.800596 1.903950 -0.000000 -0.165000 1.998964 -0.000280 -0.165812 0.000566 2.904135 2.894372 2.745252 2.733476 -0.021539
28.900545 1.903973 -0.000000 -0.165000 1.998980 -0.000281 -0.165812 0.000566 2.904596 2.894833 2.745712 2.733936 -0.021539
29.000494 1.903998 -0.000000 -0.165000 1.998997 -0.000283 -0.165812 0.000567 2.905064 2.895303 2.746178 2.734403 -0.021537
29.100444 1.904024 -0.000000 -0.165000 1.999018 -0.000284 -0.165812 0.000567 2.905445 2.895684 2.746558 2.734783 -0.021536
29.200396 1.904052 -0.000000 -0.165000 1.999040 -0.000285 -0.165812 0.000567 2.905827 2.896067 2.746938 2.735164 -0.021535
29.300348 1.904080 -0.000000 -0.165000 1.999065 -0.000287 -0.165812 0.000567 2.906131 2.896370 2.747240 2.735466 -0.021535
29.400302 1.904110 -0.000000 -0.165000 1.999090 -0.000288 -0.165812 0.000567 2.906430 2.896670 2.747538 2.735764 -0.021534
29.500257 1.904141 -0.000000 -0.165000 1.999119 -0.000289 -0.165812 0.000567 2.906660 2.896900 2.747767 2.735993 -0.021534
29.600214 1.904173 -0.000000 -0.165000 1.999147 -0.000290 -0.165812 0.000568 2.906881 2.897122 2.747987 2.736213 -0.021533
29.700172 1.904205 -0.000000 -0.165000 1.999178 -0.000291 -0.165812 0.000568 2.907042 2.897283 2.748146 2.736373 -0.021533
29.800132 1.904238 -0.000000 -0.165000 1.999210 -0.000292 -0.165812 0.000568 2.907190 2.897431 2.748293 2.736519 -0.021533
29.900093 1.904271 -0.000000 -0.165000 1.999243 -0.000293 -0.165812 0.000568 2.907286 2.897527 2.748388 2.736615 -0.021533
30.000056 1.904304 -0.000000 -0.165000 1.999276 -0.000294 -0.165812 0.000568 2.907366 2.897607 2.748467 2.736693 -0.021534
30.100021 1.904337 -0.000000 -0.165000 1.999310 -0.000294 -0.165812 0.000569 2.907403 2.897644 2.748503 2.736729 -0.021534
30.199987 1.904371 -0.000000 -0.165000 1.999344 -0.000295 -0.165812 0.000569 2.907421 2.897661 2.748520 2.736745 -0.021534
30.299955 1.904404 -0.000000 -0.165000 1.999379 -0.000295 -0.165812 0.000569 2.907404 2.897644 2.748502 2.736727 -0.021535
30.399925 1.904437 -0.000000 -0.165000 1.999414 -0.000296 -0.165812 0.000569 2.907365 2.897604 2.748462 2.736687 -0.021536
30.499897 1.904470 -0.000000 -0.165000 1.999450 -0.000296 -0.165812 0.000569 2.907300 2.897539 2.748396 2.736621 -0.021537
30.599870 1.904503 -0.000000 -0.165000 1.999485 -0.000297 -0.165812 0.000570 2.907210 2.897449 2.748306 2.736530 -0.021537
30.699845 1.904535 -0.000000 -0.165000 1.999520 -0.000297 -0.165812 0.000570 2.907102 2.897340 2.748197 2.736421 -0.021538
30.799822 1.904566 -0.000000 -0.165000 1.999556 -0.000297 -0.165812 0.000570 2.906968 2.897206 2.748063 2.736287 -0.021538
30.899801 1.904597 -0.000000 -0.165000 1.999590 -0.000297 -0.165812 0.000570 2.906823 2.897060 2.747917 2.736140 -0.021540
30.999781 1.904627 -0.000000 -0.165000 1.999624 -0.000298 -0.165812 0.000570 2.906651 2.896887 2.747745 2.735967 -0.021542
31.099763 1.904656 -0.000000 -0.165000 1.999658 -0.000298 -0.165812 0.000570 2.906474 2.896710 2.747567 2.735789 -0.021543
31.199747 1.904685 -0.000000 -0.165000 1.999691 -0.000297 -0.165812 0.000570 2.906270 2.896504 2.747363 2.735583 -0.021545
31.299732 1.904713 -0.000000 -0.165000 1.999723 -0.000297 -0.165812 0.000570 2.906067 2.896300 2.747159 2.735379 -0.021546
31.399719 1.904739 0.000000 -0.165000 1.999755 -0.000297 -0.165812 0.000570 2.905836 2.896069 2.746928 2.735147 -0.021548
31.499708 1.904765 0.000000 -0.165000 1.999786 -0.000297 -0.165812 0.000570 2.905611 2.895843 2.746703 2.734922 -0.021548
31.599698 1.904790 0.000000 -0.165000 1.999816 -0.000297 -0.165812 0.000570 2.905359 2.895591 2.746450 2.734669 -0.021549
31.699689 1.904814 0.000000 -0.165000 1.999845 -0.000298 -0.165812 0.000571 2.905117 2.895349 2.746209 2.734428 -0.021550
31.799682 1.904837 0.000000 -0.165000 1.999873 -0.000298 -0.165812 0.000571 2.904849 2.895080 2.745941 2.734159 -0.021551
31.899677 1.904858 0.000000 -0.165000 1.999900 -0.000298 -0.165812 0.000571 2.904596 2.894827 2.745688 2.733906 -0.021552
31.999672 1.904879 0.000000 -0.165000 1.999927 -0.000298 -0.165812 0.000571 2.904317 2.894548 2.745409 2.733627 -0.021553
32.099669 1.904898 0.000000 -0.165000 1.999951 -0.000297 -0.165812 0.000571 2.904057 2.894287 2.745149 2.733366 -0.021553
32.199667 1.904917 0.000000 -0.165000 1.999976 -0.000297 -0.165812 0.000571 2.903772 2.894001 2.744864 2.733080 -0.021555
32.299667 1.904934 0.000000 -0.165000 1.999998 -0.000297 -0.165812 0.000572 2.903509 2.893737 2.744600 2.732816 -0.021556
32.399667 1.904950 0.000000 -0.165000 2.000020 -0.000296 -0.165812 0.000571 2.903221 2.893449 2.744314 2.732529 -0.021558
32.499669 1.904965 0.000000 -0.165000 2.000040 -0.000296 -0.165813 0.000572 2.902958 2.893185 2.744050 2.732265 -0.021559
32.599671 1.904979 0.000000 -0.165000 2.000060 -0.000295 -0.165813 0.000571 2.902673 2.892899 2.743765 2.731979 -0.021560
32.699675 1.904992 0.000000 -0.165000 2.000078 -0.000295 -0.165813 0.000572 2.902413 2.892638 2.743506 2.731719 -0.021561
32.799679 1.905004 0.000000 -0.165000 2.000095 -0.000295 -0.165813 0.000571 2.902133 2.892357 2.743226 2.731439 -0.021563
32.899684 1.905015 0.000000 -0.165000 2.000110 -0.000294 -0.165813 0.000572 2.901880 2.892104 2.742973 2.731185 -0.021564
32.999690 1.905025 0.000000 -0.165000 2.000126 -0.000294 -0.165813 0.000572 2.901607 2.891831 2.742701 2.730913 -0.021565
33.099697 1.905033 0.000000 -0.165000 2.000139 -0.000293 -0.165813 0.000572 2.901363 2.891586 2.742457 2.730669 -0.021566
33.199704 1.905041 0.000000 -0.165000 2.000151 -0.000293 -0.165813 0.000572 2.901102 2.891324 2.742196 2.730407 -0.021567
33.299712 1.905048 0.000000 -0.165000 2.000162 -0.000292 -0.165813 0.000572 2.900869 2.891091 2.741964 2.730174 -0.021568
33.399720 1.905054 0.000000 -0.165000 2.000173 -0.000292 -0.165813 0.000572 2.900621 2.890842 2.741716 2.729926 -0.021569
33.499729 1.905059 0.000000 -0.165000 2.000182 -0.000292 -0.165813 0.000572 2.900401 2.890622 2.741496 2.729706 -0.021569
33.599738 1.905063 0.000000 -0.165000 2.000190 -0.000291 -0.165813 0.000572 2.900167 2.890388 2.741263 2.729473 -0.021570
33.699748 1.905066 0.000000 -0.165000 2.000197 -0.000291 -0.165813 0.000572 2.899962 2.890182 2.741058 2.729267 -0.021571
33.799758 1.905068 0.000000 -0.165000 2.000203 -0.000290 -0.165813 0.000572 2.899745 2.889965 2.740842 2.729050 -0.021572
33.899768 1.905070 0.000000 -0.165000 2.000208 -0.000290 -0.165813 0.000572 2.899555 2.889775 2.740652 2.728861 -0.021572
33.999779 1.905071 0.000000 -0.165000 2.000212 -0.000290 -0.165813 0.000572 2.899356 2.889575 2.740453 2.728661 -0.021573
34.099789 1.905071 0.000000 -0.165000 2.000215 -0.000289 -0.165813 0.000572 2.899183 2.889401 2.740280 2.728488 -0.021574
34.199800 1.905070 0.000000 -0.165000 2.000218 -0.000289 -0.165813 0.000572 2.899001 2.889220 2.740100 2.728307 -0.021574
34.299811 1.905069 0.000000 -0.165000 2.000219 -0.000288 -0.165813 0.000572 2.898846 2.889064 2.739944 2.728151 -0.021575
34.399822 1.905067 0.000000 -0.165000 2.000220 -0.000288 -0.165813 0.000572 2.898683 2.888901 2.739782 2.727989 -0.021575
34.499833 1.905065 0.000000 -0.165000 2.000220 -0.000288 -0.165813 0.000572 2.898544 2.888762 2.739644 2.727851 -0.021575
34.599844 1.905062 0.000000 -0.165000 2.000220 -0.000287 -0.165813 0.000572 2.898401 2.888618 2.739500 2.727707 -0.021576
34.699855 1.905058 0.000000 -0.165000 2.000218 -0.000287 -0.165813 0.000572 2.898280 2.888497 2.739380 2.727586 -0.021576
34.799866 1.905054 0.000000 -0.165000 2.000216 -0.000287 -0.165813 0.000572 2.898155 2.888372 2.739255 2.727462 -0.021577
34.899877 1.905050 0.000000 -0.165000 2.000214 -0.000286 -0.165813 0.000572 2.898051 2.888268 2.739152 2.727358 -0.021577
34.999887 1.905045 0.000000 -0.165000 2.000211 -0.000286 -0.165813 0.000571 2.897945 2.888162 2.739046 2.727252 -0.021577
35.099898 1.905040 0.000000 -0.165000 2.000207 -0.000286 -0.165813 0.000571 2.897858 2.888075 2.738959 2.727166 -0.021577
35.199908 1.905035 0.000000 -0.165000 2.000203 -0.000285 -0.165813 0.000571 2.897770 2.887987 2.738872 2.727078 -0.021578
35.299918 1.905029 0.000000 -0.165000 2.000198 -0.000285 -0.165813 0.000571 2.897699 2.887916 2.738801 2.727008 -0.021578
35.399928 1.905023 0.000000 -0.165000 2.000193 -0.000285 -0.165813 0.000571 2.897629 2.887845 2.738731 2.726937 -0.021578
35.499937 1.905017 0.000000 -0.165000 2.000188 -0.000285 -0.165813 0.000571 2.897574 2.887790 2.738676 2.726882 -0.021578
35.599947 1.905011 0.000000 -0.165000 2.000182 -0.000285 -0.165813 0.000571 2.897520 2.887736 2.738623 2.726829 -0.021578
35.699956 1.905004 0.000000 -0.165000 2.000176 -0.000284 -0.165813 0.000571 2.897480 2.887696 2.738583 2.726789 -0.021578
35.799964 1.904998 0.000000 -0.165000 2.000170 -0.000284 -0.165813 0.000571 2.897442 2.887658 2.738545 2.726751 -0.021578
35.899973 1.904991 0.000000 -0.165000 2.000163 -0.000284 -0.165813 0.000571 2.897415 2.887631 2.738518 2.726725 -0.021578
35.999981 1.904984 0.000000 -0.165000 2.000156 -0.000284 -0.165813 0.000571 2.897391 2.887607 2.738495 2.726701 -0.021578
36.099988 1.904977 0.000000 -0.165000 2.000150 -0.000284 -0.165813 0.000571 2.897378 2.887594 2.738482 2.726688 -0.021578
36.199996 1.904970 0.000000 -0.165000 2.000143 -0.000283 -0.165813 0.000571 2.897367 2.887584 2.738472 2.726678 -0.021578
36.300002 1.904963 0.000000 -0.165000 2.000135 -0.000283 -0.165813 0.000571 2.897365 2.887582 2.738470 2.726676 -0.021578
36.400009 1.904957 0.000000 -0.165000 2.000128 -0.000283 -0.165813 0.000571 2.897368 2.887584 2.738472 2.726678 -0.021577
36.500015 1.904950 0.000000 -0.165000 2.000121 -0.000283 -0.165813 0.000571 2.897376 2.887593 2.738481 2.726687 -0.021577
36.600021 1.904943 0.000000 -0.165000 2.000114 -0.000283 -0.165813 0.000571 2.897389 2.887606 2.738494 2.726701 -0.021577
36.700027 1.904936 0.000000 -0.165000 2.000106 -0.000283 -0.165813 0.000571 2.897407 2.887624 2.738512 2.726719 -0.021577
36.800032 1.904930 0.000000 -0.165000 2.000099 -0.000283 -0.165813 0.000571 2.897430 2.887647 2.738536 2.726742 -0.021577
36.900037 1.904923 0.000000 -0.165000 2.000092 -0.000283 -0.165813 0.000571 2.897456 2.887673 2.738562 2.726768 -0.021576
37.000041 1.904917 0.000000 -0.165000 2.000085 -0.000283 -0.165813 0.000570 2.897488 2.887705 2.738594 2.726800 -0.021577
37.100045 1.904911 0.000000 -0.165000 2.000078 -0.000283 -0.165813 0.000571 2.897521 2.887738 2.738627 2.726834 -0.021576
37.200049 1.904904 0.000000 -0.165000 2.000071 -0.000283 -0.165813 0.000571 2.897560 2.887777 2.738666 2.726873 -0.021576
37.300052 1.904899 0.000000 -0.165000 2.000064 -0.000283 -0.165813 0.000571 2.897599 2.887817 2.738705 2.726912 -0.021575
37.400055 1.904893 0.000000 -0.165000 2.000057 -0.000283 -0.165813 0.000571 2.897644 2.887862 2.738750 2.726958 -0.021575
37.500058 1.904887 0.000000 -0.165000 2.000051 -0.000283 -0.165813 0.000571 2.897689 2.887906 2.738794 2.727002 -0.021575
37.600060 1.904882 0.000000 -0.165000 2.000044 -0.000283 -0.165813 0.000571 2.897738 2.887957 2.738844 2.727052 -0.021574
37.700062 1.904877 0.000000 -0.165000 2.000038 -0.000283 -0.165813 0.000571 2.897787 2.888005 2.738892 2.727100 -0.021574
37.800064 1.904872 0.000000 -0.165000 2.000032 -0.000283 -0.165813 0.000571 2.897840 2.888059 2.738946 2.727154 -0.021574
37.900066 1.904867 0.000000 -0.165000 2.000026 -0.000283 -0.165813 0.000571 2.897891 2.888110 2.738997 2.727205 -0.021574
38.000067 1.904863 0.000000 -0.165000 2.000021 -0.000283 -0.165813 0.000571 2.897948 2.888167 2.739054 2.727262 -0.021573
38.100068 1.904859 0.000000 -0.165000 2.000015 -0.000283 -0.165813 0.000571 2.898001 2.888220 2.739107 2.727315 -0.021573
38.200068 1.904854 0.000000 -0.165000 2.000010 -0.000283 -0.165813 0.000571 2.898059 2.888278 2.739165 2.727373 -0.021573
38.300069 1.904851 0.000000 -0.165000 2.000005 -0.000283 -0.165813 0.000570 2.898114 2.888332 2.739220 2.727427 -0.021574
38.400069 1.904847 0.000000 -0.165000 2.000000 -0.000283 -0.165813 0.000570 2.898173 2.888391 2.739279 2.727487 -0.021574
38.500069 1.904844 0.000000 -0.165000 1.999996 -0.000282 -0.165813 0.000570 2.898227 2.888446 2.739333 2.727541 -0.021574
38.600068 1.904841 0.000000 -0.165000 1.999992 -0.000282 -0.165813 0.000570 2.898287 2.888505 2.739392 2.727600 -0.021574
38.700068 1.904838 0.000000 -0.165000 1.999988 -0.000283 -0.165813 0.000570 2.898341 2.888559 2.739446 2.727654 -0.021573
38.800067 1.904835 0.000000 -0.165000 1.999984 -0.000283 -0.165813 0.000570 2.898399 2.888618 2.739505 2.727713 -0.021573
38.900066 1.904833 0.000000 -0.165000 1.999981 -0.000283 -0.165813 0.000570 2.898452 2.888671 2.739558 2.727766 -0.021573
39.000065 1.904830 0.000000 -0.165000 1.999977 -0.000283 -0.165813 0.000570 2.898509 2.888728 2.739614 2.727823 -0.021572
39.100064 1.904828 0.000000 -0.165000 1.999974 -0.000283 -0.165813 0.000570 2.898560 2.888780 2.739666 2.727875 -0.021571
39.200063 1.904827 0.000000 -0.165000 1.999971 -0.000284 -0.165813 0.000570 2.898615 2.888835 2.739721 2.727930 -0.021571
39.300061 1.904825 0.000000 -0.165000 1.999969 -0.000284 -0.165813 0.000570 2.898665 2.888885 2.739770 2.727979 -0.021570
39.400060 1.904824 0.000000 -0.165000 1.999966 -0.000284 -0.165813 0.000570 2.898717 2.888937 2.739823 2.728032 -0.021570
39.500058 1.904822 0.000000 -0.165000 1.999964 -0.000284 -0.165813 0.000570 2.898764 2.888984 2.739869 2.728079 -0.021570
39.600056 1.904821 0.000000 -0.165000 1.999963 -0.000284 -0.165813 0.000571 2.898814 2.889034 2.739919 2.728129 -0.021569
39.700054 1.904820 0.000000 -0.165000 1.999961 -0.000284 -0.165813 0.000571 2.898858 2.889078 2.739963 2.728173 -0.021569
39.800052 1.904820 0.000000 -0.165000 1.999959 -0.000284 -0.165813 0.000571 2.898904 2.889125 2.740009 2.728219 -0.021569
39.900050 1.904819 0.000000 -0.165000 1.999958 -0.000284 -0.165813 0.000570 2.898945 2.889166 2.740050 2.728260 -0.021570
40.000048 1.904819 0.000000 -0.165000 1.999957 -0.000284 -0.165813 0.000570 2.898988 2.889209 2.740093 2.728303 -0.021570
