dist vxRef thetaRef YRef vx theta Y steer Tfl Tfr Trl Trrr dT
0.000000 2.000000 -0.000000 0.100000 2.000000 0.000000 0.100000 -0.000000 9.878062 9.878060 9.878062 9.878060 -0.000004
0.099433 2.000576 -0.000000 0.100000 1.976133 0.000000 0.100000 -0.000001 9.310975 9.310972 9.310975 9.310972 -0.000006
0.198549 2.001514 -0.000000 0.100000 1.990456 -0.000000 0.100000 -0.000001 7.224172 7.224168 7.224172 7.224168 -0.000008
0.298429 2.001712 -0.000001 0.100000 2.004620 -0.000000 0.100000 -0.000001 6.317323 6.317317 6.317323 6.317317 -0.000011
0.398812 2.001400 -0.000001 0.100000 2.010257 -0.000001 0.100000 -0.000001 6.129306 6.129298 6.129306 6.129298 -0.000016
0.499367 2.000890 -0.000001 0.100000 2.011776 -0.000001 0.100000 -0.000002 6.091724 6.091713 6.091724 6.091713 -0.000023
0.599971 2.000303 -0.000002 0.100000 2.012330 -0.000001 0.100000 -0.000003 6.043507 6.043490 6.043507 6.043490 -0.000034
0.700596 1.999663 -0.000003 0.100000 2.012689 -0.000002 0.100000 -0.000004 5.989271 5.989245 5.989271 5.989245 -0.000051
0.801235 1.998979 -0.000004 0.100000 2.012846 -0.000003 0.100000 -0.000006 5.944988 5.944950 5.944988 5.944950 -0.000076
0.901876 1.998260 -0.000006 0.100000 2.012774 -0.000005 0.100000 -0.000009 5.912437 5.912380 5.912437 5.912380 -0.000114
1.002508 1.997518 -0.000010 0.100000 2.012514 -0.000007 0.100000 -0.000014 5.888359 5.888274 5.888359 5.888274 -0.000171
1.103124 1.996762 -0.000014 0.100000 2.012116 -0.000011 0.100000 -0.000021 5.870138 5.870010 5.870138 5.870010 -0.000256
1.203717 1.995997 -0.000022 0.100000 2.011618 -0.000016 0.100000 -0.000031 5.856335 5.856143 5.856335 5.856143 -0.000382
1.304284 1.995230 -0.000032 0.100000 2.011044 -0.000024 0.100000 -0.000047 5.846063 5.845778 5.846063 5.845778 -0.000572
1.404821 1.994466 -0.000048 0.100000 2.010416 -0.000035 0.100000 -0.000070 5.838648 5.838221 5.838648 5.838221 -0.000854
1.505325 1.993708 -0.000072 0.100000 2.009747 -0.000053 0.100000 -0.000104 5.833550 5.832912 5.833550 5.832912 -0.001276
1.605795 1.992960 -0.000107 0.100000 2.009051 -0.000079 0.100000 -0.000156 5.830350 5.829397 5.830350 5.829397 -0.001906
1.706229 1.992225 -0.000161 0.099999 2.008337 -0.000118 0.099999 -0.000232 5.828733 5.827310 5.828733 5.827310 -0.002846
1.806628 1.991504 -0.000240 0.099999 2.007613 -0.000176 0.099999 -0.000347 5.828472 5.826348 5.828472 5.826348 -0.004249
1.906991 1.990801 -0.000358 0.099999 2.006886 -0.000263 0.099999 -0.000518 5.829418 5.826246 5.829417 5.826246 -0.006344
2.007317 1.990117 -0.000535 0.099998 2.006161 -0.000392 0.099998 -0.000773 5.831486 5.826751 5.831486 5.826751 -0.009469
2.107607 1.989454 -0.000799 0.099997 2.005442 -0.000586 0.099997 -0.001154 5.834670 5.827604 5.834670 5.827604 -0.014132
2.207861 1.988813 -0.001193 0.099996 2.004733 -0.000875 0.099995 -0.001722 5.839052 5.828508 5.839052 5.828508 -0.021088
2.308080 1.988195 -0.001782 0.099994 2.004038 -0.001306 0.099993 -0.002569 5.844823 5.829092 5.844822 5.829091 -0.031462
2.408265 1.987601 -0.002660 0.099991 2.003358 -0.001948 0.099990 -0.003833 5.852327 5.828862 5.852327 5.828861 -0.046930
2.508416 1.987033 -0.003970 0.099986 2.002695 -0.002907 0.099984 -0.005716 5.862128 5.827132 5.862126 5.827130 -0.069991
2.608535 1.986490 -0.005925 0.099979 2.002053 -0.004338 0.099977 -0.008523 5.875100 5.822920 5.875096 5.822916 -0.104360
2.708622 1.985974 -0.008840 0.099969 2.001431 -0.006470 0.099965 -0.012704 5.892580 5.814799 5.892571 5.814790 -0.155562
2.808679 1.985485 -0.013189 0.099953 2.000832 -0.009650 0.099948 -0.018931 5.916582 5.800681 5.916563 5.800662 -0.231801
2.908706 1.985023 -0.019673 0.099930 2.000257 -0.014390 0.099923 -0.028196 5.950118 5.777500 5.950076 5.777458 -0.345237
3.008705 1.984588 -0.029338 0.099896 1.999706 -0.021454 0.099884 -0.041968 5.997671 5.740751 5.997577 5.740657 -0.513840
3.108677 1.984182 -0.043741 0.099845 1.999181 -0.031975 0.099828 -0.062410 6.065872 5.683842 6.065664 5.683635 -0.764059
3.208624 1.983803 -0.065195 0.099768 1.998681 -0.047638 0.099743 -0.092684 6.164472 5.597184 6.164014 5.596726 -1.134576
3.308546 1.983451 -0.097133 0.099655 1.998208 -0.070940 0.099618 -0.137378 6.307694 5.466982 6.306685 5.465972 -1.681424
3.408445 1.983127 -0.144636 0.099485 1.997763 -0.105565 0.099430 -0.203048 6.516028 5.273727 6.513817 5.271513 -2.484605
3.508322 1.982831 -0.215204 0.099233 1.997345 -0.156938 0.099152 -0.298862 6.818462 4.990572 6.813654 4.985754 -3.655790
3.608179 1.982561 -0.319848 0.098858 1.996957 -0.232982 0.098740 -0.437211 7.254841 4.582169 7.244489 4.571784 -5.345378
3.708016 1.982319 -0.474614 0.098301 1.996602 -0.345168 0.098129 -0.633911 7.877400 4.005307 7.855444 3.983249 -7.744288
3.807834 1.982105 -0.702620 0.097474 1.996287 -0.509855 0.097227 -0.907236 8.749197 3.214043 8.703642 3.168177 -11.070619
3.907633 1.981919 -1.036586 0.096250 1.996025 -0.749867 0.095903 -1.274397 9.934880 2.173426 9.843306 2.080941 -15.523819
4.007410 1.981765 -1.521573 0.094445 1.995844 -1.095994 0.093969 -1.743653 11.476534 0.885866 11.300534 0.707341 -21.183860
4.107162 1.981649 -2.216923 0.091795 1.995799 -1.587658 0.091175 -2.301061 13.347453 -0.571409 13.029505 -0.895744 -27.844112
4.206877 1.981584 -3.195104 0.087936 1.995991 -2.271285 0.087189 -2.894522 15.386328 -2.014015 14.857480 -2.557002 -34.814824
4.306534 1.981591 -4.532892 0.082374 1.996581 -3.194257 0.081604 -3.424099 17.238558 -3.154132 16.447813 -3.971331 -40.811833
4.406099 1.981709 -6.287981 0.074484 1.997786 -4.392415 0.073961 -3.751392 18.364830 -3.661420 17.330056 -4.736424 -44.092730
4.505522 1.981995 -8.454953 0.063538 1.999809 -5.871215 0.063803 -3.734741 18.183205 -3.257467 17.033925 -4.453708 -42.928305
4.604732 1.982527 -10.906002 0.048807 2.002676 -7.584966 0.050760 -3.282055 16.336483 -1.787978 15.296827 -2.866177 -36.287464
4.703653 1.983396 -13.348740 0.029775 2.006066 -9.423222 0.034657 -2.398679 12.946948 0.745628 12.233687 0.014046 -24.420961
4.802218 1.984682 -15.356235 0.006422 2.009317 -11.214570 0.015600 -1.203016 8.652667 4.158927 8.340018 3.845636 -8.988122
4.900407 1.986426 -16.495765 -0.020511 2.011741 -12.753440 -0.005981 0.105764 4.332845 8.052624 4.295569 8.018392 7.442603
4.998278 1.988587 -16.499882 -0.049483 2.013095 -13.845405 -0.029367 1.315716 0.730853 11.844588 0.716112 11.830498 22.228122
5.095979 1.991029 -15.376380 -0.078445 2.013763 -14.355367 -0.053644 2.268411 -1.802991 14.924332 -2.022160 14.708928 33.458411
5.193733 1.993533 -13.397431 -0.105376 2.014469 -14.238899 -0.077847 2.890118 -3.269112 16.879991 -3.783086 16.381413 40.313602
5.291773 1.995857 -10.982869 -0.128786 2.015685 -13.544627 -0.101076 3.184067 -3.841846 17.611790 -4.598133 16.883276 42.935045
5.390278 1.997803 -8.544321 -0.147954 2.017357 -12.390941 -0.122589 3.203068 -3.727424 17.284271 -4.595245 16.449607 42.056546
5.489336 1.999257 -6.370749 -0.162874 2.019048 -10.930979 -0.141848 3.021190 -3.111213 16.215908 -3.956872 15.400611 38.684603
5.588934 2.000204 -4.597230 -0.174017 2.020267 -9.319910 -0.158536 2.713338 -2.152320 14.746744 -2.883935 14.038060 33.821059
5.688987 2.000705 -3.238468 -0.182075 2.020730 -7.692028 -0.172543 2.343422 -0.992933 13.154962 -1.570238 12.592547 28.310681
5.789375 2.000859 -2.242607 -0.187761 2.020432 -6.149000 -0.183934 1.959492 0.241096 11.627011 -0.181847 11.212590 22.780352
5.889978 2.000773 -1.534758 -0.191704 2.019567 -4.757377 -0.192904 1.593614 1.446734 10.264840 1.155522 9.977998 17.640583
5.990698 2.000537 -1.041999 -0.194403 2.018398 -3.552233 -0.199728 1.264334 2.550200 9.108633 2.360202 8.920686 13.118917
6.091464 2.000217 -0.703720 -0.196237 2.017159 -2.543909 -0.204719 0.980067 3.507819 8.160971 3.389753 8.043793 9.307192
6.192233 1.999855 -0.473618 -0.197475 2.016006 -1.725494 -0.208194 0.742399 4.302306 7.404778 4.232266 7.335084 6.205289
6.292984 1.999474 -0.318039 -0.198308 2.015017 -1.079574 -0.210453 0.548771 4.935784 6.814996 4.896141 6.775464 3.758534
6.393706 1.999084 -0.213256 -0.198867 2.014206 -0.583526 -0.211763 0.394449 5.422599 6.365097 5.401273 6.343795 1.885020
6.494398 1.998690 -0.142862 -0.199241 2.013551 -0.213265 -0.212353 0.273842 5.783214 6.030143 5.772404 6.019331 0.493856
6.595062 1.998289 -0.095648 -0.199492 2.013015 0.054383 -0.212413 0.181311 6.039839 5.787949 6.034757 5.782861 -0.503786
6.695701 1.997881 -0.064014 -0.199660 2.012558 0.240352 -0.212097 0.111625 6.213708 5.619379 6.211559 5.617225 -1.188664
6.796317 1.997464 -0.042833 -0.199773 2.012147 0.362752 -0.211527 0.060172 6.323659 5.508275 6.322888 5.507502 -1.630770
6.896911 1.997039 -0.028656 -0.199848 2.011757 0.436749 -0.210797 0.023027 6.385576 5.441220 6.385372 5.441015 -1.888712
6.997486 1.996604 -0.019171 -0.199898 2.011370 0.474718 -0.209977 -0.003057 6.412379 5.407248 6.412350 5.407219 -2.010261
7.098041 1.996161 -0.012825 -0.199932 2.010977 0.486544 -0.209119 -0.020720 6.414281 5.397530 6.414260 5.397510 -2.033501
7.198576 1.995710 -0.008580 -0.199955 2.010571 0.479971 -0.208262 -0.032067 6.399168 5.405067 6.399102 5.405001 -1.988201
7.299091 1.995254 -0.005740 -0.199970 2.010153 0.460965 -0.207431 -0.038753 6.373007 5.424403 6.372891 5.424287 -1.897207
7.399585 1.994793 -0.003840 -0.199980 2.009721 0.434034 -0.206642 -0.042063 6.340225 5.451356 6.340075 5.451205 -1.777739
7.500057 1.994330 -0.002570 -0.199986 2.009277 0.402528 -0.205906 -0.042983 6.304043 5.482783 6.303876 5.482615 -1.642521
7.600507 1.993865 -0.001720 -0.199991 2.008824 0.368883 -0.205229 -0.042260 6.266750 5.516371 6.266582 5.516203 -1.500758
7.700935 1.993401 -0.001151 -0.199994 2.008363 0.334824 -0.204612 -0.040452 6.229932 5.550467 6.229773 5.550308 -1.358930
7.801340 1.992939 -0.000770 -0.199996 2.007898 0.301542 -0.204054 -0.037971 6.194643 5.583923 6.194500 5.583780 -1.221440
7.901722 1.992481 -0.000515 -0.199997 2.007430 0.269814 -0.203554 -0.035117 6.161552 5.615981 6.161428 5.615856 -1.091143
8.002081 1.992027 -0.000345 -0.199998 2.006962 0.240120 -0.203109 -0.032102 6.131043 5.646174 6.130938 5.646069 -0.969737
8.102416 1.991579 -0.000231 -0.199999 2.006494 0.212720 -0.202713 -0.029074 6.103297 5.674250 6.103209 5.674162 -0.858094
8.202729 1.991137 -0.000155 -0.199999 2.006029 0.187716 -0.202363 -0.026134 6.078352 5.700107 6.078281 5.700036 -0.756491
8.303018 1.990704 -0.000104 -0.199999 2.005567 0.165101 -0.202055 -0.023346 6.056156 5.723755 6.056098 5.723698 -0.664801
8.403285 1.990280 -0.000069 -0.200000 2.005111 0.144796 -0.201785 -0.020748 6.036585 5.745271 6.036540 5.745226 -0.582628
8.503529 1.989866 -0.000046 -0.200000 2.004660 0.126676 -0.201548 -0.018358 6.019483 5.764781 6.019447 5.764746 -0.509403
8.603750 1.989462 -0.000031 -0.200000 2.004217 0.110586 -0.201341 -0.016184 6.004668 5.782435 6.004641 5.782407 -0.444466
8.703950 1.989069 -0.000021 -0.200000 2.003781 0.096361 -0.201161 -0.014222 5.991953 5.798397 5.991931 5.798375 -0.387112
8.804128 1.988689 -0.000014 -0.200000 2.003355 0.083829 -0.201004 -0.012464 5.981147 5.812831 5.981130 5.812814 -0.336632
8.904286 1.988321 -0.000009 -0.200000 2.002938 0.072823 -0.200868 -0.010897 5.972065 5.825898 5.972052 5.825886 -0.292333
9.004422 1.987967 -0.000006 -0.200000 2.002531 0.063183 -0.200750 -0.009508 5.964532 5.837753 5.964522 5.837743 -0.253559
9.104539 1.987626 -0.000004 -0.200000 2.002136 0.054759 -0.200647 -0.008282 5.958383 5.848536 5.958376 5.848528 -0.219694
9.204636 1.987300 -0.000003 -0.200000 2.001752 0.047412 -0.200558 -0.007202 5.953465 5.858378 5.953459 5.858372 -0.190175
9.304714 1.986988 -0.000002 -0.200000 2.001380 0.041016 -0.200481 -0.006255 5.949637 5.867394 5.949633 5.867390 -0.164486
9.404774 1.986690 -0.000001 -0.200000 2.001022 0.035456 -0.200415 -0.005426 5.946773 5.875691 5.946769 5.875688 -0.142163
9.504816 1.986408 -0.000001 -0.200000 2.000676 0.030630 -0.200358 -0.004702 5.944755 5.883359 5.944752 5.883357 -0.122791
9.604842 1.986141 -0.000001 -0.200000 2.000345 0.026445 -0.200308 -0.004070 5.943478 5.890479 5.943477 5.890477 -0.105998
9.704851 1.985890 -0.000000 -0.200000 2.000027 0.022819 -0.200265 -0.003521 5.942849 5.897121 5.942848 5.897120 -0.091456
9.804845 1.985653 -0.000000 -0.200000 1.999724 0.019682 -0.200228 -0.003044 5.942783 5.903347 5.942782 5.903346 -0.078873
9.904824 1.985433 -0.000000 -0.200000 1.999435 0.016970 -0.200197 -0.002629 5.943205 5.909208 5.943204 5.909208 -0.067994
10.004789 1.985228 -0.000000 -0.200000 1.999161 0.014625 -0.200169 -0.002270 5.944046 5.914748 5.944046 5.914748 -0.058595
10.104740 1.985038 -0.000000 -0.200000 1.998903 0.012600 -0.200146 -0.001959 5.945246 5.920007 5.945246 5.920007 -0.050478
10.204679 1.984863 -0.000000 -0.200000 1.998659 0.010853 -0.200125 -0.001689 5.946751 5.925014 5.946751 5.925014 -0.043475
10.304606 1.984704 -0.000000 -0.200000 1.998431 0.009345 -0.200108 -0.001456 5.948513 5.929796 5.948512 5.929796 -0.037433
10.404523 1.984559 -0.000000 -0.200000 1.998218 0.008045 -0.200093 -0.001255 5.950486 5.934373 5.950486 5.934373 -0.032225
10.504428 1.984430 -0.000000 -0.200000 1.998020 0.006925 -0.200080 -0.001082 5.952635 5.938768 5.952635 5.938768 -0.027734
10.604325 1.984315 -0.000000 -0.200000 1.997837 0.005959 -0.200069 -0.000932 5.954927 5.942994 5.954927 5.942994 -0.023866
10.704212 1.984214 -0.000000 -0.200000 1.997669 0.005127 -0.200059 -0.000802 5.957329 5.947063 5.957329 5.947063 -0.020533
10.804092 1.984126 -0.000000 -0.200000 1.997516 0.004411 -0.200051 -0.000690 5.959814 5.950982 5.959814 5.950982 -0.017664
10.903964 1.984053 -0.000000 -0.200000 1.997378 0.003794 -0.200044 -0.000594 5.962357 5.954760 5.962357 5.954760 -0.015194
11.003830 1.983992 -0.000000 -0.200000 1.997254 0.003263 -0.200037 -0.000511 5.964937 5.958403 5.964937 5.958403 -0.013068
11.103690 1.983944 -0.000000 -0.200000 1.997144 0.002807 -0.200032 -0.000440 5.967537 5.961918 5.967537 5.961918 -0.011238
11.203545 1.983909 -0.000000 -0.200000 1.997048 0.002414 -0.200028 -0.000378 5.970137 5.965306 5.970137 5.965306 -0.009663
11.303395 1.983885 -0.000000 -0.200000 1.996966 0.002075 -0.200024 -0.000326 5.972723 5.968568 5.972723 5.968568 -0.008309
11.403241 1.983873 -0.000000 -0.200000 1.996896 0.001784 -0.200020 -0.000280 5.975279 5.971707 5.975279 5.971707 -0.007144
11.503085 1.983871 -0.000000 -0.200000 1.996840 0.001534 -0.200018 -0.000241 5.977794 5.974723 5.977794 5.974723 -0.006142
11.602926 1.983880 -0.000000 -0.200000 1.996796 0.001319 -0.200015 -0.000207 5.980258 5.977618 5.980258 5.977618 -0.005281
11.702765 1.983899 -0.000000 -0.200000 1.996764 0.001134 -0.200013 -0.000178 5.982661 5.980391 5.982661 5.980391 -0.004540
11.802602 1.983927 -0.000000 -0.200000 1.996743 0.000975 -0.200011 -0.000153 5.984995 5.983044 5.984995 5.983044 -0.003903
11.902439 1.983964 -0.000000 -0.200000 1.996733 0.000838 -0.200010 -0.000132 5.987255 5.985577 5.987255 5.985577 -0.003355
12.002276 1.984010 -0.000000 -0.200000 1.996734 0.000720 -0.200008 -0.000113 5.989433 5.987991 5.989433 5.987991 -0.002884
12.102113 1.984063 -0.000000 -0.200000 1.996745 0.000619 -0.200007 -0.000097 5.991524 5.990285 5.991524 5.990285 -0.002479
12.201951 1.984124 -0.000000 -0.200000 1.996766 0.000532 -0.200006 -0.000084 5.993525 5.992459 5.993525 5.992459 -0.002131
12.301790 1.984191 -0.000000 -0.200000 1.996796 0.000457 -0.200005 -0.000072 5.995431 5.994515 5.995431 5.994515 -0.001831
12.401630 1.984265 -0.000000 -0.200000 1.996834 0.000393 -0.200004 -0.000062 5.997238 5.996451 5.997238 5.996451 -0.001574
12.501473 1.984345 -0.000000 -0.200000 1.996881 0.000338 -0.200004 -0.000053 5.998946 5.998269 5.998946 5.998269 -0.001353
12.601319 1.984430 -0.000000 -0.200000 1.996935 0.000290 -0.200003 -0.000046 6.000551 5.999970 6.000551 5.999970 -0.001163
12.701167 1.984519 -0.000000 -0.200000 1.996996 0.000250 -0.200003 -0.000039 6.002054 6.001554 6.002054 6.001554 -0.000999
12.801018 1.984613 -0.000000 -0.200000 1.997064 0.000214 -0.200002 -0.000034 6.003451 6.003022 6.003451 6.003022 -0.000859
12.900873 1.984711 -0.000000 -0.200000 1.997137 0.000184 -0.200002 -0.000029 6.004745 6.004376 6.004745 6.004376 -0.000738
13.000732 1.984812 0.000000 -0.200000 1.997217 0.000158 -0.200002 -0.000025 6.005934 6.005617 6.005934 6.005617 -0.000634
13.100595 1.984916 0.000000 -0.200000 1.997301 0.000136 -0.200002 -0.000021 6.007020 6.006747 6.007020 6.006747 -0.000545
13.200463 1.985022 0.000000 -0.200000 1.997390 0.000117 -0.200001 -0.000018 6.008002 6.007768 6.008002 6.007768 -0.000468
13.300334 1.985131 0.000000 -0.200000 1.997483 0.000101 -0.200001 -0.000016 6.008882 6.008682 6.008882 6.008682 -0.000400
13.400211 1.985240 0.000000 -0.200000 1.997580 0.000086 -0.200001 -0.000013 6.009661 6.009494 6.009661 6.009494 -0.000334
13.500093 1.985351 0.000000 -0.200000 1.997680 0.000074 -0.200001 -0.000007 6.010331 6.010211 6.010331 6.010211 -0.000241
13.599979 1.985463 0.000000 -0.200000 1.997782 0.000064 -0.200001 0.000012 6.010862 6.010874 6.010862 6.010874 0.000024
13.699871 1.985575 0.000000 -0.200000 1.997887 0.000056 -0.200001 0.000100 6.011078 6.011660 6.011078 6.011660 0.001164
13.799768 1.985687 0.000002 -0.200000 1.997994 0.000054 -0.200001 0.000528 6.010115 6.013441 6.010115 6.013441 0.006653
13.899670 1.985799 0.000008 -0.200000 1.998102 0.000073 -0.200000 0.002643 6.003677 6.020516 6.003677 6.020516 0.033677
13.999578 1.985910 0.000038 -0.200000 1.998211 0.000193 -0.200000 0.013089 5.970563 6.054104 5.970560 6.054101 0.167083
14.099492 1.986020 0.000188 -0.200000 1.998320 0.000813 -0.199998 0.064385 5.807070 6.218119 5.807005 6.218054 0.822098
14.199410 1.986128 0.000928 -0.200000 1.998430 0.003894 -0.199990 0.308837 5.029626 7.001014 5.028088 6.999478 3.942778
14.299335 1.986236 0.004593 -0.199998 1.998540 0.019077 -0.199948 1.318143 1.866305 10.271438 1.834811 10.240044 16.810366
14.399264 1.986341 0.022716 -0.199990 1.998639 0.092278 -0.199748 3.813346 -5.412725 18.779223 -5.802549 18.394926 48.389422
14.499189 1.986455 0.112200 -0.199950 1.998586 0.412506 -0.198863 6.356089 -10.851731 28.839629 -12.765925 27.008360 79.465645
14.599056 1.986632 0.550148 -0.199755 1.998192 1.437318 -0.195909 6.818694 -9.839890 31.391817 -13.418176 28.070302 82.720186
14.698815 1.986926 2.617257 -0.198798 2.001848 3.549036 -0.189143 4.943865 -4.897412 22.773914 -7.889355 20.036108 55.596789
14.798525 1.987281 10.786385 -0.194257 2.012513 6.497995 -0.177624 1.250133 3.629926 10.292569 2.768718 7.622404 11.516328
14.898136 1.987753 26.295805 -0.175422 2.020858 9.453022 -0.161718 -2.273556 14.015613 -2.146006 14.021626 -3.716934 -33.900179
14.997521 1.988475 26.686756 -0.126487 2.022643 11.445198 -0.143105 -3.950519 20.180229 -7.264394 19.619133 -7.939488 -55.003244
15.096734 1.989405 11.329476 -0.076312 2.018683 11.892926 -0.123982 -4.068497 20.922926 -6.762652 19.784443 -7.966509 -55.436530
15.196023 1.990299 2.814567 -0.056245 2.017015 10.950269 -0.106033 -3.540697 18.778654 -5.137628 17.604857 -6.375046 -47.896185
15.295677 1.990855 0.595279 -0.051311 2.018524 9.240175 -0.090220 -2.872734 15.864596 -3.386274 14.959368 -4.327920 -38.538158
15.395778 1.990969 0.120964 -0.050266 2.019723 7.337694 -0.077020 -2.244545 13.160757 -1.655606 12.559390 -2.273102 -29.648855
15.496211 1.990737 0.024299 -0.050053 2.019133 5.572480 -0.066537 -1.710922 10.999600 -0.007906 10.632100 -0.381807 -22.021413
15.596804 1.990318 0.004864 -0.050011 2.017018 4.078892 -0.058578 -1.280133 9.394766 1.473523 9.181784 1.258141 -15.844886
15.697420 1.989848 0.000973 -0.050002 2.014200 2.882652 -0.052779 -0.942726 8.237839 2.722624 8.119194 2.603070 -11.031339
15.797978 1.989404 0.000195 -0.050000 2.011379 1.959159 -0.048724 -0.683684 7.411056 3.719702 7.347124 3.655434 -7.383045
15.898448 1.989023 0.000039 -0.050000 2.008923 1.265473 -0.046020 -0.487658 6.822840 4.483645 6.789477 4.450174 -4.678498
15.998830 1.988708 0.000008 -0.050000 2.006938 0.756161 -0.044330 -0.341011 6.407806 5.051361 6.391003 5.034529 -2.712919
16.099133 1.988456 0.000002 -0.050000 2.005395 0.390209 -0.043382 -0.232412 6.119217 5.462748 6.111111 5.454638 -1.312942
16.199372 1.988254 0.000000 -0.050000 2.004217 0.133320 -0.042961 -0.152789 5.923020 5.753688 5.919326 5.749995 -0.338664
16.299561 1.988092 0.000000 -0.050000 2.003327 -0.041974 -0.042908 -0.095044 5.794135 5.953919 5.792583 5.952368 0.319570
16.399710 1.987961 0.000000 -0.050000 2.002653 -0.157085 -0.043100 -0.053698 5.714016 6.087056 5.713441 6.086481 0.746081
16.499829 1.987853 0.000000 -0.050000 2.002141 -0.228412 -0.043450 -0.024567 5.668910 6.171344 5.668740 6.171174 1.004868
16.599925 1.987763 0.000000 -0.050000 2.001748 -0.268349 -0.043893 -0.004472 5.648612 6.220622 5.648581 6.220591 1.144020
16.700003 1.987687 0.000000 -0.050000 2.001443 -0.286172 -0.044384 0.008987 5.645549 6.245232 5.645545 6.245227 1.199366
16.800068 1.987620 0.000000 -0.050000 2.001202 -0.288759 -0.044890 0.017617 5.654123 6.252816 5.654106 6.252799 1.197385
16.900122 1.987561 0.000000 -0.050000 2.001008 -0.281164 -0.045390 0.022768 5.670224 6.248966 5.670187 6.248928 1.157483
17.000167 1.987509 0.000000 -0.050000 2.000851 -0.267070 -0.045870 0.025450 5.690861 6.237732 5.690808 6.237679 1.093741
17.100206 1.987461 0.000000 -0.050000 2.000721 -0.249122 -0.046321 0.026407 5.713888 6.222015 5.713826 6.221954 1.016255
17.200238 1.987418 0.000000 -0.050000 2.000611 -0.229201 -0.046739 0.026192 5.737789 6.203870 5.737725 6.203806 0.932163
17.300266 1.987378 0.000000 -0.050000 2.000518 -0.208613 -0.047121 0.025206 5.761526 6.184725 5.761465 6.184664 0.846398
17.400289 1.987340 0.000000 -0.050000 2.000438 -0.188247 -0.047467 0.023742 5.784406 6.165550 5.784350 6.165495 0.762290
17.500309 1.987306 0.000000 -0.050000 2.000369 -0.168684 -0.047777 0.022007 5.805995 6.146989 5.805946 6.146940 0.681987
17.600325 1.987273 -0.000000 -0.050000 2.000307 -0.150284 -0.048055 0.020149 5.826044 6.129441 5.826003 6.129399 0.606793
17.700339 1.987243 -0.000000 -0.050000 2.000253 -0.133246 -0.048302 0.018268 5.844436 6.113139 5.844402 6.113105 0.537405
17.800350 1.987215 -0.000000 -0.050000 2.000204 -0.117661 -0.048520 0.016433 5.861148 6.098198 5.861120 6.098169 0.474099
17.900359 1.987188 -0.000000 -0.050000 2.000160 -0.103540 -0.048712 0.014688 5.876214 6.084646 5.876191 6.084623 0.416865
18.000366 1.987163 -0.000000 -0.050000 2.000120 -0.090844 -0.048881 0.013058 5.889711 6.072461 5.889693 6.072443 0.365499
18.100371 1.987140 -0.000000 -0.050000 2.000084 -0.079502 -0.049030 0.011557 5.901743 6.061581 5.901729 6.061567 0.319676
18.200374 1.987118 -0.000000 -0.050000 2.000050 -0.069422 -0.049159 0.010190 5.912425 6.051927 5.912414 6.051915 0.279003
18.300376 1.987097 -0.000000 -0.050000 2.000020 -0.060505 -0.049272 0.008955 5.921876 6.043402 5.921867 6.043393 0.243053
18.400376 1.987078 -0.000000 -0.050000 1.999991 -0.052644 -0.049370 0.007847 5.930215 6.035907 5.930209 6.035900 0.211383
18.500375 1.987061 -0.000000 -0.050000 1.999965 -0.045738 -0.049456 0.006857 5.937566 6.029337 5.937561 6.029332 0.183542
18.600372 1.987044 -0.000000 -0.050000 1.999941 -0.039686 -0.049530 0.005965 5.944072 6.023560 5.944068 6.023556 0.158975
18.700369 1.987029 -0.000000 -0.050000 1.999918 -0.034398 -0.049594 0.005104 5.950013 6.018307 5.950010 6.018304 0.136587
18.800364 1.987016 -0.000002 -0.050000 1.999898 -0.029789 -0.049650 0.003988 5.956365 6.012608 5.956363 6.012606 0.112487
18.900359 1.987003 -0.000008 -0.050000 1.999879 -0.025797 -0.049698 0.001236 5.967590 6.002006 5.967590 6.002005 0.068832
19.000352 1.986992 -0.000038 -0.050000 1.999861 -0.022433 -0.049740 -0.009939 6.005403 5.964786 6.005404 5.964787 -0.081234
19.100345 1.986982 -0.000190 -0.050000 1.999845 -0.020035 -0.049778 -0.062738 6.175916 5.795012 6.175869 5.794964 -0.761810
19.200337 1.986973 -0.000943 -0.050000 1.999830 -0.020552 -0.049818 -0.312530 6.977397 4.999295 6.975885 4.997782 -3.956204
19.300328 1.986965 -0.004669 -0.050002 1.999816 -0.033770 -0.049887 -1.339187 10.306011 1.781248 10.273747 1.748881 -17.049629
19.400318 1.986959 -0.023115 -0.050010 1.999793 -0.106500 -0.050114 -3.850872 18.880903 -5.534057 18.486728 -5.933993 -48.835681
19.500297 1.986964 -0.114261 -0.050051 1.999613 -0.430922 -0.051036 -6.375557 28.897482 -10.892471 27.042601 -12.832095 -79.664649
19.600210 1.987038 -0.560556 -0.050250 1.999103 -1.467335 -0.054047 -6.805092 31.303393 -9.810122 27.976907 -13.394470 -82.484891
19.700009 1.987233 -2.666411 -0.051225 2.002736 -3.592465 -0.060889 -4.901299 22.558571 -4.818729 19.844249 -7.783147 -55.004695
19.799754 1.987495 -10.955136 -0.055853 2.013322 -6.546845 -0.072487 -1.194086 10.083266 3.753055 7.446946 2.914096 -10.863061
19.899391 1.987878 -26.450720 -0.074993 2.021458 -9.494145 -0.088456 2.310665 -2.360544 14.134410 -3.847502 14.146607 34.489063
19.998795 1.988518 -26.534160 -0.124277 2.023067 -11.467200 -0.107104 3.961822 -7.305263 20.209333 -7.986425 19.637472 55.138493
20.098025 1.989367 -11.150929 -0.174133 2.018968 -11.892788 -0.126232 4.065084 -6.765319 20.894417 -7.974086 19.751296 55.385118
20.197330 1.990180 -2.759079 -0.193879 2.017273 -10.934228 -0.144167 3.532709 -5.135496 18.726623 -6.370896 17.554538 47.787553
20.296999 1.990654 -0.582910 -0.198716 2.018723 -9.217300 -0.159953 2.864217 -3.383835 15.808918 -4.321209 14.907612 38.421573
20.397112 1.990690 -0.118411 -0.199739 2.019825 -7.314286 -0.173121 2.236899 -1.653145 13.110318 -2.266885 12.512518 29.542866
20.497551 1.990385 -0.023784 -0.199948 2.019130 -5.551658 -0.183572 1.704571 -0.006465 10.957123 -0.377774 10.592131 21.933493
20.598144 1.989900 -0.004761 -0.199990 2.016919 -4.061766 -0.191501 1.275095 1.472990 9.359577 1.259228 9.148183 15.775542
20.698754 1.989368 -0.000953 -0.199998 2.014019 -2.869282 -0.197275 0.938854 2.719525 8.208490 2.600923 8.090785 10.978827
20.799302 1.988868 -0.000191 -0.200000 2.011127 -1.949133 -0.201310 0.680782 3.714089 7.386247 3.650355 7.322843 7.344646
20.899759 1.988434 -0.000038 -0.200000 2.008606 -1.258216 -0.203999 0.485531 4.475966 6.801589 4.442781 6.768512 4.651354
21.000123 1.988072 -0.000008 -0.200000 2.006560 -0.751093 -0.205678 0.339486 5.042191 6.389395 5.025508 6.372740 2.694436
21.100406 1.987776 -0.000002 -0.200000 2.004958 -0.386814 -0.206620 0.231343 5.452644 6.103111 5.444608 6.095078 1.300936
21.200622 1.987534 -0.000000 -0.200000 2.003726 -0.131166 -0.207035 0.152061 5.743125 5.908813 5.739467 5.905153 0.331374
21.300784 1.987336 -0.000000 -0.200000 2.002784 0.043232 -0.207086 0.094564 5.943280 5.781523 5.941744 5.779985 -0.323515
21.400905 1.987173 -0.000000 -0.200000 2.002062 0.157715 -0.206891 0.053397 6.076630 5.702767 6.076062 5.702198 -0.747728
21.500993 1.987037 -0.000000 -0.200000 2.001505 0.228616 -0.206541 0.024391 6.161350 5.658854 6.161183 5.658686 -1.004994
21.601057 1.986923 -0.000000 -0.200000 2.001070 0.268276 -0.206098 0.004382 6.211215 5.639619 6.211184 5.639588 -1.143192
21.701100 1.986825 -0.000000 -0.200000 2.000727 0.285931 -0.205608 -0.009021 6.236516 5.637523 6.236512 5.637518 -1.197988
21.801128 1.986741 -0.000000 -0.200000 2.000451 0.288425 -0.205102 -0.017614 6.244861 5.646992 6.244844 5.646975 -1.195739
21.901144 1.986669 -0.000000 -0.200000 2.000228 0.280792 -0.204603 -0.022745 6.241812 5.663933 6.241775 5.663896 -1.155758
22.001150 1.986606 -0.000000 -0.200000 2.000043 0.266692 -0.204124 -0.025414 6.231397 5.685368 6.231344 5.685315 -1.092058
22.101147 1.986551 -0.000000 -0.200000 1.999890 0.248762 -0.203674 -0.026367 6.216504 5.709160 6.216443 5.709098 -1.014690
22.201137 1.986504 -0.000000 -0.200000 1.999761 0.228872 -0.203257 -0.026152 6.199175 5.733799 6.199112 5.733735 -0.930753
22.301122 1.986462 -0.000000 -0.200000 1.999652 0.208320 -0.202875 -0.025169 6.180830 5.758248 6.180770 5.758187 -0.845164
22.401101 1.986427 0.000000 -0.200000 1.999560 0.187993 -0.202530 -0.023709 6.162435 5.781820 6.162380 5.781765 -0.761230
22.501077 1.986397 0.000000 -0.200000 1.999481 0.168468 -0.202220 -0.021978 6.144626 5.804080 6.144578 5.804032 -0.681092
22.601049 1.986372 0.000000 -0.200000 1.999413 0.150102 -0.201943 -0.020124 6.127803 5.824779 6.127762 5.824738 -0.606049
22.701018 1.986352 0.000000 -0.200000 1.999355 0.133096 -0.201696 -0.018248 6.112197 5.843799 6.112163 5.843765 -0.536796
22.800984 1.986335 0.000000 -0.200000 1.999306 0.117539 -0.201478 -0.016417 6.097919 5.861115 6.097891 5.861087 -0.473607
22.900948 1.986323 0.000000 -0.200000 1.999265 0.103442 -0.201286 -0.014675 6.084999 5.876763 6.084977 5.876740 -0.416473
23.000910 1.986314 0.000000 -0.200000 1.999230 0.090767 -0.201118 -0.013048 6.073414 5.890817 6.073396 5.890799 -0.365192
23.100871 1.986309 0.000000 -0.200000 1.999201 0.079442 -0.200970 -0.011550 6.063102 5.903382 6.063088 5.903368 -0.319440
23.200830 1.986307 0.000000 -0.200000 1.999178 0.069377 -0.200841 -0.010185 6.053981 5.914569 6.053970 5.914558 -0.278825
23.300789 1.986308 0.000000 -0.200000 1.999160 0.060471 -0.200728 -0.008952 6.045958 5.924497 6.045950 5.924488 -0.242923
23.400746 1.986312 0.000000 -0.200000 1.999146 0.052620 -0.200630 -0.007846 6.038935 5.933285 6.038928 5.933278 -0.211300
23.500703 1.986319 0.000000 -0.200000 1.999136 0.045721 -0.200544 -0.006861 6.032814 5.941047 6.032809 5.941042 -0.183534
23.600660 1.986328 0.000000 -0.200000 1.999130 0.039675 -0.200470 -0.005987 6.027499 5.947891 6.027495 5.947887 -0.159217
23.700616 1.986340 0.000000 -0.200000 1.999128 0.034390 -0.200406 -0.005214 6.022901 5.953917 6.022898 5.953914 -0.137968
23.800573 1.986354 0.000000 -0.200000 1.999128 0.029778 -0.200350 -0.004534 6.018936 5.959216 6.018933 5.959214 -0.119439
23.900529 1.986370 0.000000 -0.200000 1.999132 0.025764 -0.200302 -0.003937 6.015527 5.963873 6.015525 5.963871 -0.103308
24.000486 1.986388 0.000000 -0.200000 1.999139 0.022272 -0.200260 -0.003414 6.012605 5.967960 6.012604 5.967959 -0.089289
24.100443 1.986407 0.000000 -0.200000 1.999148 0.019241 -0.200224 -0.002958 6.010107 5.971547 6.010106 5.971546 -0.077121
24.200401 1.986428 0.000000 -0.200000 1.999160 0.016610 -0.200193 -0.002560 6.007976 5.974690 6.007976 5.974689 -0.066573
24.300359 1.986451 0.000000 -0.200000 1.999173 0.014333 -0.200166 -0.002214 6.006164 5.977447 6.006163 5.977446 -0.057434
24.400318 1.986475 0.000000 -0.200000 1.999189 0.012362 -0.200143 -0.001913 6.004624 5.979860 6.004623 5.979859 -0.049528
24.500278 1.986500 0.000000 -0.200000 1.999207 0.010656 -0.200123 -0.001652 6.003319 5.981971 6.003318 5.981971 -0.042695
24.600239 1.986527 0.000000 -0.200000 1.999227 0.009183 -0.200106 -0.001426 6.002213 5.983818 6.002213 5.983818 -0.036790
24.700201 1.986554 0.000000 -0.200000 1.999248 0.007911 -0.200091 -0.001230 6.001278 5.985433 6.001278 5.985432 -0.031690
24.800164 1.986582 0.000000 -0.200000 1.999270 0.006814 -0.200079 -0.001060 6.000486 5.986842 6.000486 5.986842 -0.027288
24.900128 1.986610 0.000000 -0.200000 1.999294 0.005868 -0.200068 -0.000913 5.999815 5.988069 5.999815 5.988069 -0.023493
25.000093 1.986639 0.000000 -0.200000 1.999319 0.005051 -0.200058 -0.000787 5.999247 5.989136 5.999247 5.989136 -0.020221
25.100060 1.986669 0.000000 -0.200000 1.999345 0.004348 -0.200050 -0.000677 5.998762 5.990062 5.998762 5.990062 -0.017400
25.200028 1.986699 0.000000 -0.200000 1.999372 0.003741 -0.200043 -0.000583 5.998348 5.990862 5.998348 5.990862 -0.014972
25.299997 1.986729 0.000000 -0.200000 1.999399 0.003220 -0.200037 -0.000501 5.997990 5.991550 5.997990 5.991550 -0.012881
25.399968 1.986759 0.000000 -0.200000 1.999427 0.002770 -0.200032 -0.000431 5.997679 5.992138 5.997679 5.992138 -0.011083
25.499940 1.986789 0.000000 -0.200000 1.999456 0.002383 -0.200027 -0.000371 5.997406 5.992638 5.997406 5.992638 -0.009534
25.599914 1.986820 0.000000 -0.200000 1.999485 0.002051 -0.200024 -0.000319 5.997161 5.993060 5.997161 5.993060 -0.008202
25.699889 1.986850 0.000000 -0.200000 1.999514 0.001764 -0.200020 -0.000274 5.996940 5.993411 5.996940 5.993411 -0.007057
25.799865 1.986879 0.000000 -0.200000 1.999544 0.001518 -0.200017 -0.000236 5.996735 5.993700 5.996735 5.993700 -0.006071
25.899843 1.986909 0.000000 -0.200000 1.999574 0.001305 -0.200015 -0.000203 5.996544 5.993931 5.996544 5.993931 -0.005225
25.999823 1.986938 0.000000 -0.200000 1.999603 0.001123 -0.200013 -0.000175 5.996361 5.994113 5.996361 5.994113 -0.004495
26.099804 1.986966 0.000000 -0.200000 1.999633 0.000967 -0.200011 -0.000150 5.996182 5.994249 5.996182 5.994249 -0.003867
26.199786 1.986994 0.000000 -0.200000 1.999662 0.000832 -0.200010 -0.000129 5.996008 5.994344 5.996008 5.994344 -0.003327
26.299770 1.987021 0.000000 -0.200000 1.999691 0.000716 -0.200008 -0.000111 5.995833 5.994402 5.995833 5.994402 -0.002863
26.399755 1.987048 0.000000 -0.200000 1.999720 0.000616 -0.200007 -0.000095 5.995659 5.994427 5.995659 5.994427 -0.002464
26.499742 1.987073 0.000000 -0.200000 1.999748 0.000530 -0.200006 -0.000082 5.995483 5.994422 5.995483 5.994422 -0.002121
26.599730 1.987098 0.000000 -0.200000 1.999776 0.000457 -0.200005 -0.000071 5.995304 5.994391 5.995304 5.994391 -0.001825
26.699720 1.987123 0.000000 -0.200000 1.999803 0.000393 -0.200005 -0.000061 5.995120 5.994335 5.995120 5.994335 -0.001571
26.799711 1.987146 0.000000 -0.200000 1.999830 0.000338 -0.200004 -0.000052 5.994932 5.994256 5.994932 5.994256 -0.001352
26.899703 1.987168 0.000000 -0.200000 1.999856 0.000291 -0.200003 -0.000045 5.994739 5.994157 5.994739 5.994157 -0.001164
26.999697 1.987190 0.000000 -0.200000 1.999881 0.000251 -0.200003 -0.000039 5.994543 5.994041 5.994543 5.994041 -0.001003
27.099691 1.987211 0.000000 -0.200000 1.999905 0.000216 -0.200003 -0.000033 5.994343 5.993911 5.994343 5.993911 -0.000864
27.199687 1.987230 0.000000 -0.200000 1.999929 0.000186 -0.200002 -0.000029 5.994138 5.993766 5.994138 5.993766 -0.000744
27.299684 1.987249 0.000000 -0.200000 1.999951 0.000161 -0.200002 -0.000025 5.993928 5.993608 5.993928 5.993608 -0.000641
27.399683 1.987266 0.000000 -0.200000 1.999973 0.000138 -0.200002 -0.000021 5.993715 5.993439 5.993715 5.993439 -0.000552
27.499682 1.987283 0.000000 -0.200000 1.999994 0.000119 -0.200001 -0.000018 5.993499 5.993261 5.993499 5.993261 -0.000476
27.599682 1.987299 0.000000 -0.200000 2.000014 0.000103 -0.200001 -0.000016 5.993282 5.993077 5.993282 5.993077 -0.000411
27.699683 1.987313 0.000000 -0.200000 2.000033 0.000089 -0.200001 -0.000013 5.993063 5.992886 5.993063 5.992886 -0.000354
27.799686 1.987327 0.000000 -0.200000 2.000051 0.000077 -0.200001 -0.000012 5.992841 5.992689 5.992841 5.992689 -0.000306
27.899689 1.987339 0.000000 -0.200000 2.000068 0.000066 -0.200001 -0.000010 5.992617 5.992486 5.992617 5.992486 -0.000264
27.999693 1.987351 0.000000 -0.200000 2.000084 0.000057 -0.200001 -0.000009 5.992396 5.992282 5.992396 5.992282 -0.000228
28.099697 1.987361 0.000000 -0.200000 2.000099 0.000049 -0.200001 -0.000007 5.992175 5.992077 5.992175 5.992077 -0.000197
28.199703 1.987371 0.000000 -0.200000 2.000113 0.000042 -0.200000 -0.000006 5.991956 5.991871 5.991956 5.991871 -0.000170
28.299709 1.987380 0.000000 -0.200000 2.000127 0.000037 -0.200000 -0.000006 5.991737 5.991663 5.991737 5.991663 -0.000147
28.399715 1.987387 0.000000 -0.200000 2.000139 0.000032 -0.200000 -0.000005 5.991520 5.991456 5.991520 5.991456 -0.000127
28.499723 1.987394 0.000000 -0.200000 2.000150 0.000027 -0.200000 -0.000004 5.991305 5.991250 5.991305 5.991250 -0.000110
28.599730 1.987400 0.000000 -0.200000 2.000160 0.000024 -0.200000 -0.000004 5.991094 5.991047 5.991094 5.991047 -0.000095
28.699739 1.987405 0.000000 -0.200000 2.000169 0.000020 -0.200000 -0.000003 5.990888 5.990847 5.990888 5.990847 -0.000082
28.799747 1.987409 0.000000 -0.200000 2.000177 0.000018 -0.200000 -0.000003 5.990683 5.990648 5.990683 5.990648 -0.000071
28.899756 1.987413 0.000000 -0.200000 2.000185 0.000015 -0.200000 -0.000002 5.990483 5.990452 5.990483 5.990452 -0.000061
28.999766 1.987415 0.000000 -0.200000 2.000191 0.000013 -0.200000 -0.000002 5.990286 5.990259 5.990286 5.990259 -0.000053
29.099776 1.987417 0.000000 -0.200000 2.000197 0.000011 -0.200000 -0.000002 5.990093 5.990071 5.990093 5.990071 -0.000045
29.199785 1.987418 0.000000 -0.200000 2.000202 0.000010 -0.200000 -0.000002 5.989906 5.989886 5.989906 5.989886 -0.000039
29.299796 1.987418 0.000000 -0.200000 2.000205 0.000008 -0.200000 -0.000001 5.989722 5.989705 5.989722 5.989705 -0.000034
29.399806 1.987418 0.000000 -0.200000 2.000208 0.000007 -0.200000 -0.000001 5.989543 5.989529 5.989543 5.989529 -0.000029
29.499817 1.987417 0.000000 -0.200000 2.000211 0.000006 -0.200000 -0.000001 5.989371 5.989359 5.989371 5.989359 -0.000025
29.599827 1.987415 0.000000 -0.200000 2.000212 0.000005 -0.200000 -0.000001 5.989205 5.989194 5.989205 5.989194 -0.000022
29.699838 1.987413 0.000000 -0.200000 2.000213 0.000005 -0.200000 -0.000001 5.989047 5.989037 5.989047 5.989037 -0.000019
29.799848 1.987410 0.000000 -0.200000 2.000213 0.000004 -0.200000 -0.000001 5.988894 5.988886 5.988894 5.988886 -0.000016
29.899859 1.987406 0.000000 -0.200000 2.000213 0.000003 -0.200000 -0.000001 5.988749 5.988742 5.988749 5.988742 -0.000014
29.999870 1.987402 0.000000 -0.200000 2.000211 0.000003 -0.200000 -0.000000 5.988610 5.988604 5.988610 5.988604 -0.000012
30.099880 1.987398 0.000000 -0.200000 2.000210 0.000003 -0.200000 -0.000000 5.988480 5.988475 5.988480 5.988475 -0.000010
30.199891 1.987393 0.000000 -0.200000 2.000207 0.000002 -0.200000 -0.000000 5.988355 5.988351 5.988355 5.988351 -0.000009
30.299901 1.987388 0.000000 -0.200000 2.000204 0.000002 -0.200000 -0.000000 5.988239 5.988235 5.988239 5.988235 -0.000008
30.399911 1.987383 0.000000 -0.200000 2.000201 0.000002 -0.200000 -0.000000 5.988129 5.988126 5.988129 5.988126 -0.000007
30.499921 1.987377 0.000000 -0.200000 2.000197 0.000001 -0.200000 -0.000000 5.988028 5.988025 5.988028 5.988025 -0.000006
30.599931 1.987371 0.000000 -0.200000 2.000193 0.000001 -0.200000 -0.000000 5.987932 5.987930 5.987932 5.987930 -0.000005
30.699940 1.987365 0.000000 -0.200000 2.000188 0.000001 -0.200000 -0.000000 5.987845 5.987843 5.987845 5.987843 -0.000004
30.799949 1.987358 0.000000 -0.200000 2.000183 0.000001 -0.200000 -0.000000 5.987764 5.987762 5.987764 5.987762 -0.000004
30.899958 1.987352 0.000000 -0.200000 2.000178 0.000001 -0.200000 -0.000000 5.987691 5.987689 5.987691 5.987689 -0.000003
30.999967 1.987345 0.000000 -0.200000 2.000172 0.000001 -0.200000 -0.000000 5.987623 5.987622 5.987623 5.987622 -0.000003
31.099976 1.987338 0.000000 -0.200000 2.000166 0.000001 -0.200000 -0.000000 5.987565 5.987563 5.987565 5.987563 -0.000002
31.199984 1.987331 0.000000 -0.200000 2.000160 0.000001 -0.200000 -0.000000 5.987512 5.987511 5.987512 5.987511 -0.000002
31.299991 1.987323 0.000000 -0.200000 2.000153 0.000000 -0.200000 -0.000000 5.987465 5.987464 5.987465 5.987464 -0.000002
31.399999 1.987316 0.000000 -0.200000 2.000146 0.000000 -0.200000 -0.000000 5.987424 5.987423 5.987424 5.987423 -0.000002
31.500006 1.987309 0.000000 -0.200000 2.000140 0.000000 -0.200000 -0.000000 5.987391 5.987390 5.987391 5.987390 -0.000001
31.600013 1.987302 0.000000 -0.200000 2.000133 0.000000 -0.200000 -0.000000 5.987363 5.987362 5.987363 5.987362 -0.000001
31.700019 1.987294 0.000000 -0.200000 2.000126 0.000000 -0.200000 -0.000000 5.987340 5.987340 5.987340 5.987340 -0.000001
31.800025 1.987287 0.000000 -0.200000 2.000119 0.000000 -0.200000 -0.000000 5.987324 5.987324 5.987324 5.987324 -0.000001
31.900031 1.987280 0.000000 -0.200000 2.000112 0.000000 -0.200000 -0.000000 5.987313 5.987313 5.987313 5.987313 -0.000001
32.000036 1.987273 0.000000 -0.200000 2.000104 0.000000 -0.200000 -0.000000 5.987307 5.987307 5.987307 5.987307 -0.000001
32.100041 1.987266 0.000000 -0.200000 2.000097 0.000000 -0.200000 -0.000000 5.987307 5.987307 5.987307 5.987307 -0.000001
32.200046 1.987259 0.000000 -0.200000 2.000090 0.000000 -0.200000 -0.000000 5.987312 5.987311 5.987312 5.987311 -0.000000
32.300050 1.987252 0.000000 -0.200000 2.000083 0.000000 -0.200000 -0.000000 5.987321 5.987320 5.987321 5.987320 -0.000000
32.400054 1.987246 0.000000 -0.200000 2.000076 0.000000 -0.200000 -0.000000 5.987333 5.987333 5.987333 5.987333 -0.000000
32.500058 1.987239 0.000000 -0.200000 2.000069 0.000000 -0.200000 -0.000000 5.987351 5.987351 5.987351 5.987351 -0.000000
32.600061 1.987233 0.000000 -0.200000 2.000062 0.000000 -0.200000 -0.000000 5.987373 5.987373 5.987373 5.987373 -0.000000
32.700064 1.987227 0.000000 -0.200000 2.000056 0.000000 -0.200000 -0.000000 5.987399 5.987399 5.987399 5.987399 -0.000000
32.800067 1.987221 0.000000 -0.200000 2.000049 0.000000 -0.200000 -0.000000 5.987428 5.987428 5.987428 5.987428 -0.000000
32.900069 1.987215 0.000000 -0.200000 2.000043 0.000000 -0.200000 -0.000000 5.987460 5.987460 5.987460 5.987460 -0.000000
33.000071 1.987210 0.000000 -0.200000 2.000036 0.000000 -0.200000 -0.000000 5.987494 5.987494 5.987494 5.987494 -0.000000
33.100072 1.987205 0.000000 -0.200000 2.000030 0.000000 -0.200000 -0.000000 5.987531 5.987531 5.987531 5.987531 -0.000000
33.200074 1.987200 0.000000 -0.200000 2.000024 0.000000 -0.200000 -0.000000 5.987571 5.987571 5.987571 5.987571 -0.000000
33.300075 1.987195 0.000000 -0.200000 2.000019 0.000000 -0.200000 -0.000000 5.987613 5.987613 5.987613 5.987613 -0.000000
33.400076 1.987190 0.000000 -0.200000 2.000013 0.000000 -0.200000 -0.000000 5.987657 5.987657 5.987657 5.987657 -0.000000
33.500076 1.987186 0.000000 -0.200000 2.000008 0.000000 -0.200000 -0.000000 5.987702 5.987702 5.987702 5.987702 -0.000000
33.600076 1.987182 0.000000 -0.200000 2.000003 0.000000 -0.200000 -0.000000 5.987749 5.987749 5.987749 5.987749 -0.000000
33.700076 1.987178 0.000000 -0.200000 1.999998 0.000000 -0.200000 -0.000000 5.987797 5.987797 5.987797 5.987797 -0.000000
33.800076 1.987175 0.000000 -0.200000 1.999993 0.000000 -0.200000 -0.000000 5.987846 5.987846 5.987846 5.987846 -0.000000
33.900076 1.987172 0.000000 -0.200000 1.999989 0.000000 -0.200000 -0.000000 5.987896 5.987896 5.987896 5.987896 -0.000000
34.000075 1.987168 0.000000 -0.200000 1.999985 0.000000 -0.200000 -0.000000 5.987947 5.987947 5.987947 5.987947 -0.000000
34.100074 1.987166 0.000000 -0.200000 1.999981 0.000000 -0.200000 -0.000000 5.987997 5.987997 5.987997 5.987997 -0.000000
34.200073 1.987163 0.000000 -0.200000 1.999977 0.000000 -0.200000 -0.000000 5.988049 5.988049 5.988049 5.988049 -0.000000
34.300072 1.987161 0.000000 -0.200000 1.999974 0.000000 -0.200000 -0.000000 5.988100 5.988100 5.988100 5.988100 -0.000000
34.400070 1.987159 0.000000 -0.200000 1.999971 0.000000 -0.200000 -0.000000 5.988151 5.988151 5.988151 5.988151 -0.000000
34.500069 1.987157 0.000000 -0.200000 1.999968 0.000000 -0.200000 -0.000000 5.988202 5.988202 5.988202 5.988202 -0.000000
34.600067 1.987155 0.000000 -0.200000 1.999965 0.000000 -0.200000 -0.000000 5.988253 5.988253 5.988253 5.988253 -0.000000
34.700065 1.987154 0.000000 -0.200000 1.999963 0.000000 -0.200000 -0.000000 5.988303 5.988303 5.988303 5.988303 -0.000000
34.800063 1.987152 0.000000 -0.200000 1.999960 0.000000 -0.200000 -0.000000 5.988353 5.988353 5.988353 5.988353 -0.000000
34.900061 1.987151 0.000000 -0.200000 1.999958 0.000000 -0.200000 -0.000000 5.988402 5.988402 5.988402 5.988402 -0.000000
35.000059 1.987150 0.000000 -0.200000 1.999956 0.000000 -0.200000 -0.000000 5.988450 5.988450 5.988450 5.988450 -0.000000
35.100057 1.987150 0.000000 -0.200000 1.999955 0.000000 -0.200000 -0.000000 5.988497 5.988497 5.988497 5.988497 -0.000000
35.200054 1.987149 0.000000 -0.200000 1.999953 0.000000 -0.200000 -0.000000 5.988543 5.988543 5.988543 5.988543 -0.000000
35.300052 1.987149 0.000000 -0.200000 1.999952 0.000000 -0.200000 -0.000000 5.988587 5.988587 5.988587 5.988587 -0.000000
35.400050 1.987149 0.000000 -0.200000 1.999951 0.000000 -0.200000 -0.000000 5.988631 5.988631 5.988631 5.988631 -0.000000
35.500047 1.987149 0.000000 -0.200000 1.999951 0.000000 -0.200000 -0.000000 5.988673 5.988673 5.988673 5.988673 -0.000000
35.600045 1.987149 0.000000 -0.200000 1.999950 0.000000 -0.200000 -0.000000 5.988714 5.988714 5.988714 5.988714 -0.000000
35.700042 1.987150 0.000000 -0.200000 1.999950 0.000000 -0.200000 -0.000000 5.988754 5.988754 5.988754 5.988754 -0.000000
35.800040 1.987150 0.000000 -0.200000 1.999949 0.000000 -0.200000 -0.000000 5.988791 5.988791 5.988791 5.988791 -0.000000
35.900037 1.987151 0.000000 -0.200000 1.999949 0.000000 -0.200000 -0.000000 5.988827 5.988827 5.988827 5.988827 -0.000000
36.000035 1.987152 0.000000 -0.200000 1.999949 0.000000 -0.200000 -0.000000 5.988862 5.988862 5.988862 5.988862 -0.000000
36.100032 1.987152 0.000000 -0.200000 1.999950 0.000000 -0.200000 -0.000000 5.988895 5.988895 5.988895 5.988895 -0.000000
36.200030 1.987153 0.000000 -0.200000 1.999950 0.000000 -0.200000 -0.000000 5.988926 5.988926 5.988926 5.988926 -0.000000
36.300027 1.987155 0.000000 -0.200000 1.999950 0.000000 -0.200000 -0.000000 5.988956 5.988956 5.988956 5.988956 -0.000000
36.400025 1.987156 0.000000 -0.200000 1.999951 0.000000 -0.200000 -0.000000 5.988984 5.988984 5.988984 5.988984 -0.000000
36.500022 1.987157 0.000000 -0.200000 1.999952 0.000000 -0.200000 -0.000000 5.989010 5.989010 5.989010 5.989010 -0.000000
36.600020 1.987158 0.000000 -0.200000 1.999953 0.000000 -0.200000 -0.000000 5.989034 5.989034 5.989034 5.989034 -0.000000
36.700017 1.987160 0.000000 -0.200000 1.999954 0.000000 -0.200000 -0.000000 5.989057 5.989057 5.989057 5.989057 -0.000000
36.800015 1.987161 0.000000 -0.200000 1.999955 0.000000 -0.200000 -0.000000 5.989079 5.989079 5.989079 5.989079 -0.000000
36.900013 1.987163 0.000000 -0.200000 1.999956 0.000000 -0.200000 -0.000000 5.989098 5.989098 5.989098 5.989098 -0.000000
37.000011 1.987164 0.000000 -0.200000 1.999957 0.000000 -0.200000 -0.000000 5.989116 5.989116 5.989116 5.989116 -0.000000
37.100009 1.987166 0.000000 -0.200000 1.999959 0.000000 -0.200000 -0.000000 5.989132 5.989132 5.989132 5.989132 -0.000000
37.200007 1.987168 0.000000 -0.200000 1.999960 0.000000 -0.200000 -0.000000 5.989146 5.989146 5.989146 5.989146 -0.000000
37.300005 1.987169 0.000000 -0.200000 1.999962 0.000000 -0.200000 -0.000000 5.989159 5.989159 5.989159 5.989159 -0.000000
37.400003 1.987171 0.000000 -0.200000 1.999963 0.000000 -0.200000 -0.000000 5.989171 5.989171 5.989171 5.989171 -0.000000
37.500001 1.987173 0.000000 -0.200000 1.999965 0.000000 -0.200000 -0.000000 5.989181 5.989181 5.989181 5.989181 -0.000000
37.599999 1.987174 0.000000 -0.200000 1.999966 0.000000 -0.200000 -0.000000 5.989189 5.989189 5.989189 5.989189 -0.000000
37.699998 1.987176 0.000000 -0.200000 1.999968 0.000000 -0.200000 -0.000000 5.989196 5.989196 5.989196 5.989196 -0.000000
37.799996 1.987178 0.000000 -0.200000 1.999969 0.000000 -0.200000 -0.000000 5.989201 5.989201 5.989201 5.989201 -0.000000
37.899995 1.987180 0.000000 -0.200000 1.999971 0.000000 -0.200000 -0.000000 5.989205 5.989205 5.989205 5.989205 -0.000000
37.999993 1.987181 0.000000 -0.200000 1.999973 0.000000 -0.200000 -0.000000 5.989208 5.989208 5.989208 5.989208 -0.000000
38.099992 1.987183 0.000000 -0.200000 1.999975 0.000000 -0.200000 -0.000000 5.989210 5.989210 5.989210 5.989210 -0.000000
38.199991 1.987185 0.000000 -0.200000 1.999976 0.000000 -0.200000 -0.000000 5.989210 5.989210 5.989210 5.989210 -0.000000
38.299990 1.987186 0.000000 -0.200000 1.999978 0.000000 -0.200000 -0.000000 5.989210 5.989210 5.989210 5.989210 -0.000000
38.399989 1.987188 0.000000 -0.200000 1.999980 0.000000 -0.200000 -0.000000 5.989208 5.989208 5.989208 5.989208 -0.000000
38.499988 1.987189 0.000000 -0.200000 1.999981 0.000000 -0.200000 -0.000000 5.989205 5.989205 5.989205 5.989205 -0.000000
38.599987 1.987191 0.000000 -0.200000 1.999983 0.000000 -0.200000 -0.000000 5.989201 5.989201 5.989201 5.989201 -0.000000
38.699986 1.987192 0.000000 -0.200000 1.999984 0.000000 -0.200000 -0.000000 5.989197 5.989197 5.989197 5.989197 -0.000000
38.799985 1.987194 0.000000 -0.200000 1.999986 0.000000 -0.200000 -0.000000 5.989191 5.989191 5.989191 5.989191 -0.000000
38.899985 1.987195 0.000000 -0.200000 1.999988 0.000000 -0.200000 -0.000000 5.989185 5.989185 5.989185 5.989185 -0.000000
38.999984 1.987197 0.000000 -0.200000 1.999989 0.000000 -0.200000 -0.000000 5.989177 5.989177 5.989177 5.989177 -0.000000
39.099984 1.987198 0.000000 -0.200000 1.999991 0.000000 -0.200000 -0.000000 5.989170 5.989170 5.989170 5.989170 -0.000000
39.199983 1.987199 0.000000 -0.200000 1.999992 0.000000 -0.200000 -0.000000 5.989161 5.989161 5.989161 5.989161 -0.000000
39.299983 1.987200 0.000000 -0.200000 1.999994 0.000000 -0.200000 -0.000000 5.989152 5.989152 5.989152 5.989152 -0.000000
39.399983 1.987201 0.000000 -0.200000 1.999995 0.000000 -0.200000 -0.000000 5.989142 5.989142 5.989142 5.989142 -0.000000
39.499982 1.987203 0.000000 -0.200000 1.999996 0.000000 -0.200000 -0.000000 5.989132 5.989132 5.989132 5.989132 -0.000000
39.599982 1.987204 0.000000 -0.200000 1.999997 0.000000 -0.200000 -0.000000 5.989122 5.989122 5.989122 5.989122 -0.000000
39.699982 1.987205 0.000000 -0.200000 1.999999 0.000000 -0.200000 -0.000000 5.989111 5.989111 5.989111 5.989111 -0.000000
39.799982 1.987206 0.000000 -0.200000 2.000000 0.000000 -0.200000 -0.000000 5.989100 5.989100 5.989100 5.989100 -0.000000
39.899982 1.987206 0.000000 -0.200000 2.000001 0.000000 -0.200000 -0.000000 5.989089 5.989089 5.989089 5.989089 -0.000000
39.999982 1.987207 0.000000 -0.200000 2.000002 0.000000 -0.200000 -0.000000 5.989077 5.989077 5.989077 5.989077 -0.000000
40.099982 1.987208 0.000000 -0.200000 2.000003 0.000000 -0.200000 -0.000000 5.989065 5.989065 5.989065 5.989065 -0.000000
40.199982 1.987209 0.000000 -0.200000 2.000004 0.000000 -0.200000 -0.000000 5.989053 5.989053 5.989053 5.989053 -0.000000
40.299983 1.987209 0.000000 -0.200000 2.000005 0.000000 -0.200000 -0.000000 5.989041 5.989041 5.989041 5.989041 -0.000000
40.399983 1.987210 0.000000 -0.200000 2.000006 0.000000 -0.200000 -0.000000 5.989029 5.989029 5.989029 5.989029 -0.000000
40.499983 1.987210 0.000000 -0.200000 2.000007 0.000000 -0.200000 -0.000000 5.989017 5.989017 5.989017 5.989017 -0.000000
40.599984 1.987211 0.000000 -0.200000 2.000007 0.000000 -0.200000 -0.000000 5.989005 5.989005 5.989005 5.989005 -0.000000
40.699984 1.987211 0.000000 -0.200000 2.000008 0.000000 -0.200000 -0.000000 5.988993 5.988993 5.988993 5.988993 -0.000000
40.799984 1.987212 0.000000 -0.200000 2.000009 0.000000 -0.200000 -0.000000 5.988981 5.988981 5.988981 5.988981 -0.000000
40.899985 1.987212 0.000000 -0.200000 2.000009 0.000000 -0.200000 -0.000000 5.988969 5.988969 5.988969 5.988969 -0.000000
40.999985 1.987212 0.000000 -0.200000 2.000010 0.000000 -0.200000 -0.000000 5.988958 5.988958 5.988958 5.988958 -0.000000
41.099986 1.987212 0.000000 -0.200000 2.000010 0.000000 -0.200000 -0.000000 5.988946 5.988946 5.988946 5.988946 -0.000000
41.199986 1.987213 0.000000 -0.200000 2.000010 0.000000 -0.200000 -0.000000 5.988935 5.988935 5.988935 5.988935 -0.000000
41.299987 1.987213 0.000000 -0.200000 2.000011 0.000000 -0.200000 -0.000000 5.988924 5.988924 5.988924 5.988924 -0.000000
41.399987 1.987213 0.000000 -0.200000 2.000011 0.000000 -0.200000 -0.000000 5.988914 5.988914 5.988914 5.988914 -0.000000
41.499988 1.987213 0.000000 -0.200000 2.000011 0.000000 -0.200000 -0.000000 5.988903 5.988903 5.988903 5.988903 -0.000000
41.599989 1.987213 0.000000 -0.200000 2.000012 0.000000 -0.200000 -0.000000 5.988893 5.988893 5.988893 5.988893 -0.000000
41.699989 1.987213 0.000000 -0.200000 2.000012 0.000000 -0.200000 -0.000000 5.988883 5.988883 5.988883 5.988883 -0.000000
41.799990 1.987213 0.000000 -0.200000 2.000012 0.000000 -0.200000 -0.000000 5.988874 5.988874 5.988874 5.988874 -0.000000
41.899990 1.987213 0.000000 -0.200000 2.000012 0.000000 -0.200000 -0.000000 5.988865 5.988865 5.988865 5.988865 -0.000000
41.999991 1.987213 0.000000 -0.200000 2.000012 0.000000 -0.200000 -0.000000 5.988856 5.988856 5.988856 5.988856 -0.000000
42.099992 1.987212 0.000000 -0.200000 2.000012 0.000000 -0.200000 -0.000000 5.988848 5.988848 5.988848 5.988848 -0.000000
42.199992 1.987212 0.000000 -0.200000 2.000012 0.000000 -0.200000 -0.000000 5.988840 5.988840 5.988840 5.988840 -0.000000
42.299993 1.987212 0.000000 -0.200000 2.000012 0.000000 -0.200000 -0.000000 5.988832 5.988832 5.988832 5.988832 -0.000000
42.399993 1.987212 0.000000 -0.200000 2.000012 0.000000 -0.200000 -0.000000 5.988825 5.988825 5.988825 5.988825 -0.000000
42.499994 1.987211 0.000000 -0.200000 2.000012 0.000000 -0.200000 -0.000000 5.988818 5.988818 5.988818 5.988818 -0.000000
42.599994 1.987211 0.000000 -0.200000 2.000011 0.000000 -0.200000 -0.000000 5.988811 5.988811 5.988811 5.988811 -0.000000
42.699995 1.987211 0.000000 -0.200000 2.000011 -0.000000 -0.200000 -0.000000 5.988806 5.988806 5.988806 5.988806 -0.000000
42.799996 1.987211 0.000000 -0.200000 2.000011 -0.000000 -0.200000 -0.000000 5.988800 5.988800 5.988800 5.988800 0.000000
42.899996 1.987210 0.000000 -0.200000 2.000011 -0.000000 -0.200000 -0.000000 5.988795 5.988795 5.988795 5.988795 0.000000
42.999997 1.987210 0.000000 -0.200000 2.000010 -0.000000 -0.200000 -0.000000 5.988790 5.988790 5.988790 5.988790 0.000000
43.099997 1.987209 0.000000 -0.200000 2.000010 -0.000000 -0.200000 -0.000000 5.988786 5.988786 5.988786 5.988786 0.000000
43.199998 1.987209 0.000000 -0.200000 2.000010 -0.000000 -0.200000 -0.000000 5.988782 5.988782 5.988782 5.988782 0.000000
43.299998 1.987209 0.000000 -0.200000 2.000010 -0.000000 -0.200000 -0.000000 5.988778 5.988778 5.988778 5.988778 0.000000
43.399999 1.987208 0.000000 -0.200000 2.000009 -0.000000 -0.200000 0.000000 5.988775 5.988775 5.988775 5.988775 0.000000
43.499999 1.987208 0.000000 -0.200000 2.000009 -0.000000 -0.200000 0.000000 5.988772 5.988772 5.988772 5.988772 0.000000
43.600000 1.987208 0.000000 -0.200000 2.000009 -0.000000 -0.200000 0.000000 5.988769 5.988769 5.988769 5.988769 0.000000
43.700000 1.987207 0.000000 -0.200000 2.000008 -0.000000 -0.200000 0.000000 5.988768 5.988768 5.988768 5.988768 0.000000
43.800000 1.987207 0.000000 -0.200000 2.000008 -0.000000 -0.200000 0.000000 5.988766 5.988766 5.988766 5.988766 0.000000
43.900001 1.987206 0.000000 -0.200000 2.000007 -0.000000 -0.200000 0.000000 5.988764 5.988764 5.988764 5.988764 0.000000
44.000001 1.987206 0.000000 -0.200000 2.000007 -0.000000 -0.200000 0.000000 5.988763 5.988763 5.988763 5.988763 0.000000
44.100001 1.987206 0.000000 -0.200000 2.000007 -0.000000 -0.200000 0.000000 5.988762 5.988762 5.988762 5.988762 0.000000
44.200002 1.987205 0.000000 -0.200000 2.000006 -0.000000 -0.200000 0.000000 5.988762 5.988762 5.988762 5.988762 0.000000
44.300002 1.987205 0.000000 -0.200000 2.000006 -0.000000 -0.200000 0.000000 5.988762 5.988762 5.988762 5.988762 0.000000
44.400002 1.987204 0.000000 -0.200000 2.000005 -0.000000 -0.200000 0.000000 5.988762 5.988762 5.988762 5.988762 0.000000
44.500003 1.987204 0.000000 -0.200000 2.000005 -0.000000 -0.200000 0.000000 5.988762 5.988762 5.988762 5.988762 0.000000
44.600003 1.987204 0.000000 -0.200000 2.000005 -0.000000 -0.200000 0.000000 5.988762 5.988762 5.988762 5.988762 0.000000
44.700003 1.987203 0.000000 -0.200000 2.000004 -0.000000 -0.200000 0.000000 5.988763 5.988763 5.988763 5.988763 0.000000
44.800003 1.987203 0.000000 -0.200000 2.000004 -0.000000 -0.200000 0.000000 5.988764 5.988764 5.988764 5.988764 0.000000
44.900003 1.987203 0.000000 -0.200000 2.000003 -0.000000 -0.200000 0.000000 5.988765 5.988765 5.988765 5.988765 0.000000
45.000004 1.987202 0.000000 -0.200000 2.000003 -0.000000 -0.200000 0.000000 5.988767 5.988767 5.988767 5.988767 -0.000000
45.100004 1.987202 0.000000 -0.200000 2.000003 0.000000 -0.200000 0.000000 5.988768 5.988768 5.988768 5.988768 -0.000000
45.200004 1.987202 0.000000 -0.200000 2.000002 0.000000 -0.200000 0.000000 5.988770 5.988770 5.988770 5.988770 -0.000000
45.300004 1.987201 0.000000 -0.200000 2.000002 0.000000 -0.200000 0.000000 5.988772 5.988772 5.988772 5.988772 -0.000000
45.400004 1.987201 0.000000 -0.200000 2.000002 0.000000 -0.200000 0.000000 5.988774 5.988774 5.988774 5.988774 -0.000000
45.500004 1.987201 0.000000 -0.200000 2.000001 0.000000 -0.200000 0.000000 5.988776 5.988776 5.988776 5.988776 0.000000
45.600004 1.987200 0.000000 -0.200000 2.000001 0.000000 -0.200000 0.000000 5.988778 5.988778 5.988778 5.988778 -0.000000
45.700004 1.987200 0.000000 -0.200000 2.000001 0.000000 -0.200000 0.000000 5.988781 5.988781 5.988781 5.988781 -0.000000
45.800004 1.987200 0.000000 -0.200000 2.000000 0.000000 -0.200000 0.000000 5.988783 5.988783 5.988783 5.988783 0.000000
45.900004 1.987200 0.000000 -0.200000 2.000000 0.000000 -0.200000 0.000000 5.988786 5.988786 5.988786 5.988786 -0.000000
46.000004 1.987199 0.000000 -0.200000 2.000000 0.000000 -0.200000 0.000000 5.988789 5.988789 5.988789 5.988789 -0.000000
46.100004 1.987199 0.000000 -0.200000 2.000000 0.000000 -0.200000 0.000000 5.988791 5.988791 5.988791 5.988791 -0.000000
46.200004 1.987199 0.000000 -0.200000 1.999999 0.000000 -0.200000 0.000000 5.988794 5.988794 5.988794 5.988794 -0.000000
46.300004 1.987199 0.000000 -0.200000 1.999999 0.000000 -0.200000 0.000000 5.988797 5.988797 5.988797 5.988797 -0.000000
46.400004 1.987199 0.000000 -0.200000 1.999999 0.000000 -0.200000 0.000000 5.988800 5.988800 5.988800 5.988800 -0.000000
46.500004 1.987199 0.000000 -0.200000 1.999999 0.000000 -0.200000 0.000000 5.988803 5.988803 5.988803 5.988803 -0.000000
46.600004 1.987199 0.000000 -0.200000 1.999999 0.000000 -0.200000 0.000000 5.988805 5.988805 5.988805 5.988805 -0.000000
46.700004 1.987198 0.000000 -0.200000 1.999998 0.000000 -0.200000 0.000000 5.988808 5.988808 5.988808 5.988808 -0.000000
46.800004 1.987198 0.000000 -0.200000 1.999998 0.000000 -0.200000 0.000000 5.988811 5.988811 5.988811 5.988811 -0.000000
46.900004 1.987198 0.000000 -0.200000 1.999998 0.000000 -0.200000 0.000000 5.988814 5.988814 5.988814 5.988814 -0.000000
47.000004 1.987198 0.000000 -0.200000 1.999998 0.000000 -0.200000 0.000000 5.988817 5.988817 5.988817 5.988817 -0.000000
47.100004 1.987198 0.000000 -0.200000 1.999998 0.000000 -0.200000 0.000000 5.988819 5.988819 5.988819 5.988819 -0.000000
47.200003 1.987198 0.000000 -0.200000 1.999998 0.000000 -0.200000 0.000000 5.988822 5.988822 5.988822 5.988822 -0.000000
47.300003 1.987198 0.000000 -0.200000 1.999998 0.000000 -0.200000 0.000000 5.988825 5.988825 5.988825 5.988825 -0.000000
47.400003 1.987198 0.000000 -0.200000 1.999998 0.000000 -0.200000 0.000000 5.988827 5.988827 5.988827 5.988827 -0.000000
47.500003 1.987198 0.000000 -0.200000 1.999997 0.000000 -0.200000 0.000000 5.988830 5.988830 5.988830 5.988830 -0.000000
47.600003 1.987198 0.000000 -0.200000 1.999997 0.000000 -0.200000 0.000000 5.988832 5.988832 5.988832 5.988832 -0.000000
47.700003 1.987198 0.000000 -0.200000 1.999997 0.000000 -0.200000 0.000000 5.988835 5.988835 5.988835 5.988835 -0.000000
47.800003 1.987198 0.000000 -0.200000 1.999997 0.000000 -0.200000 0.000000 5.988837 5.988837 5.988837 5.988837 -0.000000
47.900002 1.987198 0.000000 -0.200000 1.999997 0.000000 -0.200000 0.000000 5.988839 5.988839 5.988839 5.988839 -0.000000
48.000002 1.987198 0.000000 -0.200000 1.999997 0.000000 -0.200000 0.000000 5.988842 5.988842 5.988842 5.988842 -0.000000
48.100002 1.987198 0.000000 -0.200000 1.999997 0.000000 -0.200000 0.000000 5.988844 5.988844 5.988844 5.988844 -0.000000
48.200002 1.987198 0.000000 -0.200000 1.999997 0.000000 -0.200000 0.000000 5.988846 5.988846 5.988846 5.988846 -0.000000
48.300002 1.987198 0.000000 -0.200000 1.999997 0.000000 -0.200000 0.000000 5.988848 5.988848 5.988848 5.988848 -0.000000
48.400002 1.987198 0.000000 -0.200000 1.999997 0.000000 -0.200000 0.000000 5.988850 5.988850 5.988850 5.988850 -0.000000
48.500002 1.987198 0.000000 -0.200000 1.999997 0.000000 -0.200000 0.000000 5.988851 5.988851 5.988851 5.988851 -0.000000
48.600002 1.987198 0.000000 -0.200000 1.999997 0.000000 -0.200000 0.000000 5.988853 5.988853 5.988853 5.988853 -0.000000
48.700001 1.987198 0.000000 -0.200000 1.999997 0.000000 -0.200000 0.000000 5.988854 5.988854 5.988854 5.988854 -0.000000
48.800001 1.987198 0.000000 -0.200000 1.999997 0.000000 -0.200000 0.000000 5.988856 5.988856 5.988856 5.988856 -0.000000
48.900001 1.987198 0.000000 -0.200000 1.999997 0.000000 -0.200000 0.000000 5.988857 5.988857 5.988857 5.988857 -0.000000
49.000001 1.987198 0.000000 -0.200000 1.999997 0.000000 -0.200000 0.000000 5.988859 5.988859 5.988859 5.988859 -0.000000
49.100001 1.987199 0.000000 -0.200000 1.999997 0.000000 -0.200000 0.000000 5.988860 5.988860 5.988860 5.988860 -0.000000
49.200001 1.987199 0.000000 -0.200000 1.999998 0.000000 -0.200000 0.000000 5.988861 5.988861 5.988861 5.988861 -0.000000
49.300001 1.987199 0.000000 -0.200000 1.999998 0.000000 -0.200000 0.000000 5.988862 5.988862 5.988862 5.988862 -0.000000
49.400000 1.987199 0.000000 -0.200000 1.999998 0.000000 -0.200000 0.000000 5.988863 5.988863 5.988863 5.988863 -0.000000
49.500000 1.987199 0.000000 -0.200000 1.999998 0.000000 -0.200000 0.000000 5.988863 5.988863 5.988863 5.988863 -0.000000
49.600000 1.987199 0.000000 -0.200000 1.999998 0.000000 -0.200000 0.000000 5.988864 5.988864 5.988864 5.988864 -0.000000
49.700000 1.987199 0.000000 -0.200000 1.999998 0.000000 -0.200000 0.000000 5.988865 5.988865 5.988865 5.988865 -0.000000
49.800000 1.987199 0.000000 -0.200000 1.999998 0.000000 -0.200000 0.000000 5.988865 5.988865 5.988865 5.988865 0.000000
49.900000 1.987199 0.000000 -0.200000 1.999998 0.000000 -0.200000 0.000000 5.988866 5.988866 5.988866 5.988866 -0.000000
50.000000 1.987199 0.000000 -0.200000 1.999998 0.000000 -0.200000 0.000000 5.988866 5.988866 5.988866 5.988866 -0.000000
