dist vxRef thetaRef YRef vx theta Y steer Tfl Tfr Trl Trrr dT
0.000000 2.000000 -0.000000 0.100000 2.000000 0.000000 0.100000 0.007007 4.451166 4.453918 4.364114 4.364952 0.003590
0.099732 2.000272 -0.000000 0.100000 1.988719 0.000000 0.100000 0.010772 6.895657 6.899920 6.762637 6.763970 0.005596
0.198870 2.001166 -0.000001 0.100000 1.976796 0.000000 0.100000 0.011716 8.422260 8.426137 8.264019 8.264314 0.004171
0.297832 2.002289 -0.000001 0.100000 1.982556 0.001030 0.100003 0.007061 8.971853 8.969381 8.802657 8.796156 -0.008972
0.397128 2.003119 -0.000001 0.100000 1.989308 0.003166 0.100011 0.004678 9.053033 9.046725 8.879389 8.868879 -0.016819
0.497137 2.003259 -0.000002 0.100000 2.011819 0.006403 0.100024 -0.001720 8.400230 8.385515 8.228477 8.209501 -0.033691
0.598313 2.002202 -0.000003 0.100000 2.035227 0.010560 0.100045 -0.005828 7.364847 7.344144 7.197364 7.172555 -0.045511
0.700718 1.999827 -0.000004 0.100000 2.061103 0.013975 0.100070 -0.008380 6.031866 6.007305 5.870026 5.841681 -0.052905
0.804423 1.995998 -0.000007 0.100000 2.087123 0.016330 0.100099 -0.010507 4.514969 4.487419 4.359258 4.328327 -0.058481
0.909270 1.990813 -0.000010 0.100000 2.106391 0.016644 0.100127 -0.008386 3.081116 3.056086 2.930281 2.902419 -0.052892
1.015061 1.984417 -0.000016 0.100000 2.125253 0.014966 0.100153 -0.007303 1.651219 1.628197 1.505009 1.479679 -0.048350
1.121527 1.977038 -0.000024 0.100000 2.132755 0.011779 0.100174 -0.002646 0.549387 0.532928 0.405513 0.387304 -0.034668
1.228335 1.968985 -0.000037 0.100000 2.139566 0.007461 0.100187 0.000205 -0.416314 -0.427831 -0.558290 -0.571096 -0.024324
1.335214 1.960517 -0.000057 0.100000 2.134974 0.003213 0.100194 0.004498 -0.972137 -0.977101 -1.114419 -1.120297 -0.010843
1.441830 1.951973 -0.000086 0.100000 2.129686 -0.000621 0.100194 0.006880 -1.335657 -1.336257 -1.478595 -1.479866 -0.001871
1.547988 1.943567 -0.000132 0.100000 2.116170 -0.003095 0.100191 0.008884 -1.345360 -1.342482 -1.490424 -1.488125 0.005177
1.653446 1.935570 -0.000200 0.099999 2.102155 -0.004158 0.100186 0.009340 -1.175506 -1.171245 -1.322853 -1.319205 0.007909
1.758117 1.928107 -0.000302 0.099999 2.084484 -0.003618 0.100182 0.008608 -0.789724 -0.785983 -0.939883 -0.936930 0.006694
1.861894 1.921326 -0.000455 0.099998 2.066593 -0.001696 0.100181 0.006966 -0.281781 -0.279976 -0.434725 -0.433973 0.002557
1.964791 1.915257 -0.000683 0.099998 2.049345 0.001130 0.100185 0.004233 0.284980 0.283259 0.129533 0.126416 -0.004838
2.066828 1.909926 -0.001022 0.099996 2.032135 0.004567 0.100195 0.001234 0.901425 0.895651 0.743621 0.736065 -0.013330
2.168089 1.905289 -0.001526 0.099995 2.018490 0.007851 0.100209 -0.002327 1.449905 1.439406 1.290518 1.277847 -0.023171
2.268678 1.901279 -0.002273 0.099992 2.005051 0.010804 0.100228 -0.005808 1.985363 1.970206 1.824573 1.806854 -0.032876
2.368706 1.897814 -0.003382 0.099988 1.996330 0.012738 0.100250 -0.009459 2.382616 2.362804 2.221336 2.198616 -0.042531
2.468312 1.894782 -0.005025 0.099982 1.987878 0.013657 0.100273 -0.013255 2.728478 2.703921 2.566861 2.539062 -0.052356
2.567597 1.892098 -0.007464 0.099973 1.983748 0.013119 0.100294 -0.017453 2.924931 2.895369 2.763750 2.730659 -0.062653
2.666687 1.889650 -0.011081 0.099961 1.979862 0.011271 0.100312 -0.022909 3.059473 3.023425 2.898833 2.858939 -0.075942
2.765653 1.887375 -0.016455 0.099941 1.978935 0.007806 0.100323 -0.030029 3.077853 3.033335 2.918252 2.869554 -0.093216
2.864581 1.885191 -0.024431 0.099913 1.978174 0.002936 0.100326 -0.041045 3.046800 2.988875 2.888316 2.825733 -0.120508
2.963502 1.883069 -0.036284 0.099871 1.978718 -0.003921 0.100316 -0.056599 2.955236 2.878004 2.798099 2.715568 -0.159762
3.062453 1.880968 -0.053885 0.099808 1.979336 -0.012557 0.100292 -0.081667 2.840906 2.732079 2.685253 2.570089 -0.223991
3.161433 1.878891 -0.080010 0.099715 1.979863 -0.024619 0.100243 -0.117075 2.723539 2.569414 2.569470 2.407532 -0.316063
3.260439 1.876838 -0.118771 0.099577 1.980385 -0.039914 0.100168 -0.173695 2.616116 2.389193 2.463986 2.226851 -0.464058
3.359449 1.874831 -0.176163 0.099372 1.979982 -0.062622 0.100048 -0.252152 2.551961 2.223165 2.401998 2.059629 -0.671165
3.458437 1.872896 -0.261044 0.099067 1.979527 -0.092481 0.099875 -0.375507 2.532736 2.043781 2.385803 1.877937 -0.996821
3.557375 1.871063 -0.386141 0.098617 1.977934 -0.139072 0.099608 -0.542293 2.588823 1.881535 2.445632 1.712161 -1.440759
3.656229 1.869368 -0.569959 0.097952 1.976279 -0.201827 0.099231 -0.798486 2.729383 1.687176 2.591792 1.512146 -2.121853
3.754979 1.867837 -0.838475 0.096971 1.973747 -0.301417 0.098652 -1.131814 2.966640 1.484361 2.836241 1.301751 -3.016769
3.853599 1.866502 -1.228033 0.095530 1.971179 -0.436436 0.097837 -1.623538 3.336147 1.204675 3.216365 1.010665 -4.337172
3.952076 1.865382 -1.787084 0.093423 1.968203 -0.649122 0.096593 -2.216929 3.807854 0.880314 3.701130 0.672321 -5.956350
4.050398 1.864498 -2.577482 0.090361 1.965270 -0.936067 0.094851 -3.025578 4.450159 0.433037 4.361308 0.205300 -8.173130
4.148551 1.863871 -3.670360 0.085952 1.962235 -1.376175 0.092234 -3.855800 5.133481 -0.040012 5.063788 -0.289050 -10.526330
4.246528 1.863516 -5.134316 0.079679 1.959456 -1.961433 0.088604 -4.818659 5.938940 -0.596280 5.891644 -0.872216 -13.299080
4.344278 1.863495 -7.004743 0.070916 1.956252 -2.813416 0.083325 -5.467573 6.560393 -0.992914 6.530196 -1.291239 -15.374742
4.441776 1.863844 -9.242952 0.058960 1.953858 -3.913864 0.076158 -5.925749 7.086506 -1.256348 7.069347 -1.577021 -16.989222
4.538880 1.864722 -11.672654 0.043205 1.950124 -5.377249 0.066299 -5.600154 7.100825 -1.029591 7.080757 -1.357402 -16.568575
4.635499 1.866241 -13.978977 0.023287 1.948037 -7.165380 0.053419 -4.754116 6.766631 -0.376415 6.730634 -0.701717 -14.575397
4.731460 1.868603 -15.743976 -0.000537 1.945292 -9.238647 0.037033 -3.101748 5.873372 0.908604 5.802256 0.605618 -10.161406
4.826606 1.872001 -16.602356 -0.027315 1.943854 -11.534334 0.016879 -0.959169 4.634259 2.717102 4.513670 2.452035 -3.978792
4.921003 1.876412 -16.373541 -0.055480 1.945419 -13.731796 -0.006549 1.276602 3.247840 4.738958 3.072247 4.521170 2.940041
5.014581 1.881940 -15.135037 -0.083015 1.945967 -15.769710 -0.033202 3.689284 1.747533 7.032155 1.510702 6.875140 10.649061
5.107795 1.888167 -13.165176 -0.108348 1.950108 -17.168694 -0.061498 5.300824 0.604939 8.745215 0.323543 8.640287 16.457020
5.200833 1.894912 -10.851848 -0.130237 1.953365 -17.925931 -0.090946 6.805712 -0.429900 10.320721 -0.752363 10.272620 21.775603
5.294255 1.901617 -8.538559 -0.148255 1.955527 -17.740442 -0.119585 7.098920 -0.811310 10.855102 -1.145939 10.841340 23.653690
5.388390 1.907918 -6.457301 -0.162493 1.960723 -16.694993 -0.146560 7.167103 -0.945158 11.045456 -1.284434 11.060195 24.335243
5.483540 1.913476 -4.733515 -0.173320 1.962942 -14.854797 -0.170431 6.284946 -0.452269 10.403083 -0.773147 10.421773 22.050272
5.579846 1.918090 -3.379471 -0.181341 1.969214 -12.377197 -0.190369 5.214635 0.296931 9.485172 0.000315 9.496424 18.684350
5.677260 1.921753 -2.365665 -0.187120 1.975756 -9.606335 -0.206020 3.890579 1.277556 8.283025 1.011958 8.273964 14.267476
5.775659 1.924534 -1.631410 -0.191199 1.982814 -6.680014 -0.216941 2.422387 2.401104 6.919897 2.170382 6.879636 9.228047
5.874846 1.926587 -1.112132 -0.194036 1.992537 -3.992253 -0.223803 1.310076 3.275723 5.707078 3.073302 5.638222 4.996276
5.974636 1.928062 -0.752762 -0.195978 2.000163 -1.600812 -0.226705 0.093481 4.141232 4.417252 3.969339 4.313143 0.619823
6.074886 1.929076 -0.506556 -0.197300 2.009057 0.250416 -0.226795 -0.521016 4.527405 3.485073 4.373960 3.357580 -2.058712
6.175499 1.929705 -0.339692 -0.198192 2.016448 1.591622 -0.224555 -1.177591 4.817351 2.562126 4.682447 2.409448 -4.528225
6.276418 1.929989 -0.227225 -0.198791 2.022538 2.379325 -0.221065 -1.293610 4.695389 2.035052 4.567375 1.870192 -5.357521
6.377607 1.929950 -0.151670 -0.199193 2.028418 2.696143 -0.216906 -1.404151 4.484026 1.581790 4.361432 1.406118 -5.857551
6.479026 1.929616 -0.101150 -0.199462 2.031592 2.636532 -0.212771 -1.198412 4.080801 1.441337 3.955893 1.263646 -5.331711
6.580625 1.929027 -0.067373 -0.199642 2.034898 2.289312 -0.209106 -0.968476 3.640569 1.391893 3.511603 1.214749 -4.545530
6.682347 1.928231 -0.044873 -0.199762 2.035515 1.797985 -0.206142 -0.665919 3.218866 1.506515 3.083128 1.333075 -3.462403
6.784116 1.927300 -0.029876 -0.199841 2.036039 1.225583 -0.204087 -0.339702 2.808993 1.689996 2.665375 1.522620 -2.261753
6.885879 1.926287 -0.019900 -0.199894 2.034629 0.691518 -0.202824 -0.102641 2.533489 1.898877 2.383165 1.736522 -1.281256
6.987570 1.925260 -0.013258 -0.199930 2.033012 0.221518 -0.202349 0.147133 2.297476 2.140599 2.140196 1.984630 -0.312442
7.089157 1.924254 -0.008839 -0.199953 2.030397 -0.124758 -0.202401 0.254019 2.213970 2.328035 2.052605 2.175554 0.237014
7.190608 1.923309 -0.005896 -0.199969 2.027673 -0.352401 -0.202859 0.361586 2.175273 2.519439 2.010156 2.370702 0.704712
7.291918 1.922434 -0.003935 -0.199979 2.024812 -0.458306 -0.203487 0.351901 2.244124 2.637373 2.077941 2.489571 0.804879
7.393085 1.921642 -0.002628 -0.199986 2.021955 -0.462571 -0.204152 0.336261 2.345641 2.744119 2.178908 2.596801 0.816373
7.494122 1.920925 -0.001755 -0.199991 2.019593 -0.394657 -0.204725 0.263255 2.486834 2.794163 2.321099 2.645685 0.631915
7.595043 1.920274 -0.001173 -0.199994 2.017275 -0.274846 -0.205119 0.183592 2.640378 2.828660 2.476055 2.678387 0.390614
7.695867 1.919676 -0.000784 -0.199996 2.015753 -0.139373 -0.205318 0.103029 2.775321 2.833645 2.612741 2.681290 0.126874
7.796618 1.919113 -0.000524 -0.199997 2.014275 -0.000502 -0.205294 0.018425 2.904112 2.824729 2.743476 2.669841 -0.153018
7.897313 1.918570 -0.000351 -0.199998 2.013565 0.115838 -0.205102 -0.034404 2.983617 2.808424 2.824460 2.651650 -0.348002
7.997974 1.918026 -0.000234 -0.199999 2.012893 0.206753 -0.204758 -0.087995 3.046603 2.782334 2.888927 2.623526 -0.529670
8.098613 1.917472 -0.000157 -0.199999 2.012743 0.262398 -0.204334 -0.103712 3.058851 2.760699 2.901937 2.600809 -0.599279
8.199246 1.916893 -0.000105 -0.199999 2.012621 0.286324 -0.203865 -0.117848 3.053445 2.733702 2.897179 2.572827 -0.644095
8.299878 1.916283 -0.000070 -0.200000 2.012697 0.281836 -0.203404 -0.105819 3.015110 2.714217 2.858917 2.553111 -0.606699
8.400514 1.915637 -0.000047 -0.200000 2.012786 0.254749 -0.202983 -0.091308 2.964489 2.693023 2.808230 2.531898 -0.547799
8.501153 1.914957 -0.000031 -0.200000 2.012790 0.214653 -0.202623 -0.067953 2.904465 2.677855 2.747875 2.517047 -0.457437
8.601792 1.914244 -0.000021 -0.200000 2.012790 0.166348 -0.202341 -0.042420 2.839983 2.663590 2.682958 2.503297 -0.356054
8.702425 1.913505 -0.000014 -0.200000 2.012530 0.119247 -0.202130 -0.021644 2.784801 2.653177 2.627354 2.493357 -0.265621
8.803045 1.912749 -0.000009 -0.200000 2.012255 0.075644 -0.201991 0.000381 2.732028 2.645349 2.574112 2.486118 -0.174673
8.903643 1.911983 -0.000006 -0.200000 2.011673 0.041114 -0.201906 0.011626 2.697662 2.640343 2.539436 2.481448 -0.115307
9.004212 1.911218 -0.000004 -0.200000 2.011072 0.015572 -0.201864 0.023166 2.669723 2.638817 2.511187 2.480285 -0.061808
9.104744 1.910461 -0.000003 -0.200000 2.010219 0.000185 -0.201847 0.024636 2.660108 2.640101 2.501436 2.481650 -0.039793
9.205234 1.909722 -0.000002 -0.200000 2.009351 -0.006491 -0.201844 0.025801 2.657778 2.645036 2.498995 2.486632 -0.025106
9.305676 1.909007 -0.000001 -0.200000 2.008346 -0.006273 -0.201842 0.021173 2.667888 2.652803 2.509106 2.494255 -0.029936
9.406068 1.908321 -0.000001 -0.200000 2.007332 -0.000830 -0.201833 0.016080 2.683796 2.663727 2.525042 2.504985 -0.040126
9.506409 1.907668 -0.000001 -0.200000 2.006307 0.007028 -0.201814 0.009836 2.704494 2.676782 2.545804 2.517782 -0.055735
9.606699 1.907050 -0.000000 -0.200000 2.005282 0.016150 -0.201780 0.003280 2.728430 2.692015 2.569819 2.532718 -0.073515
9.706940 1.906468 -0.000000 -0.200000 2.004345 0.024264 -0.201736 -0.001388 2.750814 2.707882 2.592264 2.548328 -0.086868
9.807134 1.905922 -0.000000 -0.200000 2.003414 0.030955 -0.201681 -0.006106 2.773962 2.724754 2.615475 2.564929 -0.099754
9.907284 1.905411 -0.000000 -0.200000 2.002629 0.035149 -0.201620 -0.007990 2.791993 2.740467 2.633533 2.580459 -0.104600
10.007396 1.904932 -0.000000 -0.200000 2.001851 0.037006 -0.201556 -0.009712 2.809116 2.756145 2.650677 2.595961 -0.107687
10.107473 1.904483 -0.000000 -0.200000 2.001231 0.036557 -0.201494 -0.009217 2.820360 2.769240 2.661914 2.608968 -0.104066
10.207519 1.904062 -0.000000 -0.200000 2.000619 0.034218 -0.201435 -0.008465 2.830035 2.781642 2.671572 2.621301 -0.098664
10.307538 1.903667 -0.000000 -0.200000 2.000140 0.030640 -0.201382 -0.006761 2.835014 2.790867 2.676528 2.630512 -0.090163
10.407533 1.903295 -0.000000 -0.200000 1.999669 0.026216 -0.201336 -0.004815 2.838606 2.799225 2.680085 2.638875 -0.080591
10.507507 1.902945 -0.000000 -0.200000 1.999290 0.021698 -0.201297 -0.003051 2.839515 2.804712 2.680971 2.644388 -0.071387
10.607462 1.902615 -0.000000 -0.200000 1.998917 0.017303 -0.201266 -0.001122 2.839703 2.809579 2.681128 2.649290 -0.061963
10.707400 1.902306 -0.000000 -0.200000 1.998596 0.013547 -0.201241 0.000015 2.839132 2.812513 2.680543 2.652252 -0.054909
10.807322 1.902016 -0.000000 -0.200000 1.998278 0.010456 -0.201220 0.001230 2.838621 2.815318 2.680012 2.655087 -0.048228
10.907229 1.901745 -0.000000 -0.200000 1.997983 0.008209 -0.201204 0.001588 2.838646 2.817315 2.680034 2.657093 -0.044272
11.007120 1.901495 -0.000000 -0.200000 1.997690 0.006707 -0.201190 0.001963 2.839359 2.819707 2.680738 2.659490 -0.040901
11.106998 1.901264 -0.000000 -0.200000 1.997406 0.005865 -0.201178 0.001756 2.841139 2.822191 2.682518 2.661960 -0.039507
11.206861 1.901055 -0.000000 -0.200000 1.997122 0.005549 -0.201166 0.001539 2.843945 2.825457 2.685322 2.665203 -0.038607
11.306710 1.900866 -0.000000 -0.200000 1.996848 0.005554 -0.201155 0.001106 2.847714 2.829254 2.689090 2.668967 -0.038583
11.406546 1.900699 -0.000000 -0.200000 1.996576 0.005776 -0.201144 0.000666 2.852556 2.833995 2.693927 2.673669 -0.038819
11.506368 1.900554 -0.000000 -0.200000 1.996323 0.006021 -0.201132 0.000286 2.857879 2.839223 2.699243 2.678856 -0.039043
11.606178 1.900430 -0.000000 -0.200000 1.996072 0.006238 -0.201121 -0.000084 2.864104 2.845336 2.705456 2.684922 -0.039302
11.705976 1.900328 -0.000000 -0.200000 1.995856 0.006318 -0.201109 -0.000273 2.870214 2.851552 2.711554 2.691098 -0.039118
11.805764 1.900247 -0.000000 -0.200000 1.995641 0.006257 -0.201097 -0.000437 2.876945 2.858438 2.718268 2.697942 -0.038833
11.905541 1.900187 -0.000000 -0.200000 1.995472 0.006035 -0.201086 -0.000434 2.883050 2.864921 2.724357 2.704392 -0.038095
12.005311 1.900146 -0.000000 -0.200000 1.995305 0.005675 -0.201076 -0.000397 2.889485 2.871799 2.730773 2.711237 -0.037222
12.105073 1.900124 -0.000000 -0.200000 1.995191 0.005216 -0.201066 -0.000279 2.894973 2.877842 2.736245 2.717256 -0.036120
12.204830 1.900120 -0.000000 -0.200000 1.995079 0.004686 -0.201057 -0.000125 2.900561 2.884032 2.741814 2.723422 -0.034921
12.304582 1.900132 -0.000000 -0.200000 1.995020 0.004141 -0.201049 0.000020 2.905092 2.889147 2.746330 2.728520 -0.033755
12.404332 1.900160 -0.000000 -0.200000 1.994963 0.003600 -0.201042 0.000194 2.909585 2.894241 2.750808 2.733598 -0.032553
12.504080 1.900201 -0.000000 -0.200000 1.994952 0.003108 -0.201036 0.000304 2.913085 2.898238 2.754298 2.737583 -0.031562
12.603827 1.900256 -0.000000 -0.200000 1.994945 0.002669 -0.201031 0.000435 2.916500 2.902141 2.757701 2.741474 -0.030585
12.703575 1.900323 -0.000000 -0.200000 1.994976 0.002304 -0.201026 0.000487 2.919096 2.905094 2.760289 2.744419 -0.029872
12.803325 1.900401 -0.000000 -0.200000 1.995009 0.002006 -0.201021 0.000552 2.921623 2.907959 2.762808 2.747274 -0.029198
12.903077 1.900489 0.000000 -0.200000 1.995072 0.001774 -0.201018 0.000555 2.923543 2.910109 2.764723 2.749414 -0.028743
13.002832 1.900586 0.000000 -0.200000 1.995136 0.001597 -0.201014 0.000568 2.925444 2.912219 2.766617 2.751514 -0.028327
13.102591 1.900692 0.000000 -0.200000 1.995222 0.001462 -0.201011 0.000546 2.926931 2.913850 2.768100 2.753136 -0.028045
13.202354 1.900805 0.000000 -0.200000 1.995310 0.001358 -0.201008 0.000531 2.928449 2.915498 2.769611 2.754774 -0.027788
13.302122 1.900925 0.000000 -0.200000 1.995414 0.001271 -0.201005 0.000508 2.929695 2.916848 2.770852 2.756114 -0.027585
13.401895 1.901051 0.000000 -0.200000 1.995518 0.001194 -0.201002 0.000491 2.931001 2.918254 2.772151 2.757509 -0.027389
13.501674 1.901183 0.000000 -0.200000 1.995636 0.001118 -0.201000 0.000484 2.932111 2.919466 2.773254 2.758710 -0.027189
13.601459 1.901320 0.000000 -0.200000 1.995753 0.001040 -0.200997 0.000505 2.933270 2.920753 2.774406 2.759987 -0.026936
13.701250 1.901462 0.000002 -0.200000 1.995882 0.000956 -0.200995 0.000637 2.934200 2.921934 2.775326 2.761160 -0.026431
13.801047 1.901607 0.000008 -0.200000 1.996011 0.000868 -0.200993 0.001296 2.934869 2.923455 2.775974 2.762680 -0.024708
13.900851 1.901755 0.000039 -0.200000 1.996150 0.000782 -0.200991 0.004515 2.933891 2.926263 2.774924 2.765527 -0.017025
14.000662 1.901907 0.000190 -0.200000 1.996289 0.000699 -0.200989 0.020394 2.925653 2.936338 2.766358 2.775831 0.020159
14.100480 1.902060 0.000941 -0.200000 1.996437 0.000740 -0.200987 0.098047 2.881790 2.981691 2.720921 2.822339 0.201320
14.200306 1.902215 0.004647 -0.199998 1.996585 0.000914 -0.200985 0.468314 2.669916 3.195298 2.501558 3.041505 1.065329
14.300139 1.902371 0.022954 -0.199990 1.996740 0.004070 -0.200973 1.992359 1.792688 4.075846 1.593438 3.945185 4.634906
14.399980 1.902527 0.113248 -0.199950 1.996896 0.010417 -0.200950 5.785363 -0.430289 6.321061 -0.707635 6.251548 13.710533
14.499827 1.902685 0.555264 -0.199752 1.997005 0.086685 -0.200706 9.529458 -2.906205 8.923799 -3.270010 8.934687 24.034701
14.599680 1.902844 2.640365 -0.198785 1.997149 0.237792 -0.200181 9.988455 -4.086799 10.414130 -4.488487 10.493434 29.482850
14.699299 1.903248 10.734293 -0.194233 1.989890 1.180092 -0.197081 7.662666 -3.427729 9.632680 -3.787010 9.730293 26.577711
14.798549 1.904051 26.187993 -0.175490 1.987591 3.040226 -0.190457 3.514674 -1.294587 7.477855 -1.569384 7.544791 17.886617
14.897003 1.905703 27.052747 -0.127515 1.976084 5.799956 -0.178900 -1.172244 2.531843 4.336734 2.363119 4.312881 3.754653
14.994172 1.908749 12.033583 -0.077724 1.971545 9.428081 -0.161148 -4.968822 6.971961 1.458941 6.894513 1.316700 -11.090832
15.090717 1.912580 3.136869 -0.056889 1.977792 12.410290 -0.140104 -6.741706 9.840191 -0.350310 9.815654 -0.578969 -20.585124
15.186706 1.917153 0.705830 -0.051537 1.978854 14.467411 -0.116201 -8.268873 12.031998 -1.665062 12.051515 -1.977531 -27.726107
15.282604 1.922025 0.154095 -0.050335 1.976330 15.127313 -0.092027 -7.981354 12.275070 -1.876772 12.303354 -2.220938 -28.676134
15.379040 1.926550 0.032913 -0.050072 1.978933 14.107536 -0.070022 -7.263600 11.804860 -1.537162 11.826672 -1.895305 -27.063999
15.476274 1.930437 0.006943 -0.050015 1.979719 11.918034 -0.051440 -5.557244 10.353860 -0.451768 10.345056 -0.790066 -21.940750
15.574506 1.933440 0.001432 -0.050003 1.986000 8.903746 -0.037531 -3.745721 8.698321 0.930852 8.649768 0.623322 -15.793915
15.673659 1.935586 0.000290 -0.050001 1.995040 5.732525 -0.028249 -2.081134 7.037146 2.294996 6.947700 2.022525 -9.667324
15.773546 1.937021 0.000058 -0.050000 2.002614 2.601685 -0.023998 -0.317896 5.300912 3.713073 5.166735 3.485387 -3.269187
15.873982 1.937900 0.000012 -0.050000 2.013262 0.026806 -0.023480 0.659976 4.012400 4.521928 3.849310 4.326079 0.986297
15.974804 1.938359 0.000002 -0.050000 2.021027 -1.954572 -0.026283 1.698099 2.725926 5.202053 2.534652 5.043244 4.984718
16.075938 1.938458 0.000000 -0.050000 2.028227 -3.179031 -0.030923 1.931489 1.980515 5.228767 1.779411 5.089842 6.558684
16.177356 1.938208 0.000000 -0.050000 2.034954 -3.731387 -0.036644 2.155590 1.329341 5.101081 1.121068 4.981247 7.631919
16.279039 1.937617 0.000000 -0.050000 2.038744 -3.713001 -0.042404 1.872021 1.123601 4.611412 0.920019 4.496719 7.064512
16.380959 1.936698 0.000000 -0.050000 2.043019 -3.246644 -0.047541 1.550891 1.045683 4.041725 0.849130 3.928177 6.075088
16.483061 1.935495 0.000000 -0.050000 2.044135 -2.537805 -0.051664 1.089998 1.205365 3.439356 1.019199 3.320113 4.534905
16.585263 1.934086 0.000000 -0.050000 2.045263 -1.682704 -0.054432 0.590919 1.464155 2.833724 1.289781 2.704738 2.784526
16.687491 1.932539 0.000000 -0.050000 2.044048 -0.867205 -0.055990 0.213727 1.751534 2.394817 1.586426 2.256154 1.313010
16.789655 1.930946 0.000000 -0.050000 2.042486 -0.135051 -0.056322 -0.186547 2.084626 1.999164 1.929222 1.848485 -0.166198
16.891708 1.929358 0.000000 -0.050000 2.039553 0.413905 -0.055821 -0.369386 2.326383 1.821224 2.175997 1.662463 -1.018693
16.993600 1.927833 0.000000 -0.050000 2.036404 0.783779 -0.054663 -0.555569 2.571594 1.703157 2.425884 1.535881 -1.758439
17.095321 1.926388 0.000000 -0.050000 2.032804 0.963161 -0.053221 -0.555813 2.702993 1.754563 2.557850 1.583292 -1.922987
17.196860 1.925044 0.000000 -0.050000 2.029200 0.981635 -0.051705 -0.547186 2.818299 1.856623 2.673047 1.682129 -1.952593
17.298228 1.923798 0.000000 -0.050000 2.025923 0.881324 -0.050328 -0.441979 2.853302 2.037159 2.705728 1.862529 -1.659342
17.399438 1.922645 0.000000 -0.050000 2.022707 0.693986 -0.049235 -0.325561 2.868993 2.243513 2.718527 2.069880 -1.274127
17.500510 1.921575 -0.000000 -0.050000 2.020292 0.475344 -0.048462 -0.200933 2.850612 2.441841 2.697022 2.270310 -0.835483
17.601464 1.920570 -0.000000 -0.050000 2.017921 0.245628 -0.048062 -0.068657 2.817138 2.639694 2.660170 2.471166 -0.366448
17.702323 1.919617 -0.000000 -0.050000 2.016447 0.046649 -0.047956 0.017878 2.783818 2.777500 2.624513 2.611554 -0.019277
17.803109 1.918695 -0.000000 -0.050000 2.015008 -0.115865 -0.048123 0.106962 2.741528 2.897753 2.579924 2.734807 0.311108
17.903839 1.917790 -0.000000 -0.050000 2.014265 -0.224372 -0.048452 0.137267 2.714696 2.947467 2.552179 2.786411 0.467003
18.004534 1.916886 -0.000000 -0.050000 2.013556 -0.283614 -0.048889 0.166214 2.684149 2.975021 2.520906 2.815829 0.585795
18.105202 1.915975 -0.000000 -0.050000 2.013210 -0.296871 -0.049347 0.152202 2.669238 2.951517 2.506307 2.793126 0.569098
18.205853 1.915047 -0.000000 -0.050000 2.012889 -0.272986 -0.049775 0.135079 2.654001 2.910854 2.491579 2.752990 0.518265
18.306490 1.914102 -0.000000 -0.050000 2.012607 -0.225931 -0.050134 0.101225 2.647463 2.849869 2.485972 2.691916 0.408349
18.407113 1.913138 -0.000000 -0.050000 2.012329 -0.163411 -0.050395 0.064401 2.642382 2.781039 2.481946 2.622683 0.279393
18.507718 1.912163 -0.000000 -0.050000 2.011866 -0.100016 -0.050563 0.032563 2.639225 2.718298 2.479736 2.559416 0.158753
18.608299 1.911181 -0.000000 -0.050000 2.011391 -0.039751 -0.050633 -0.001047 2.638471 2.656629 2.479957 2.497002 0.035203
18.708851 1.910201 -0.000002 -0.050000 2.010636 0.008234 -0.050631 -0.019341 2.636690 2.615341 2.478777 2.455165 -0.044962
18.809363 1.909233 -0.000009 -0.050000 2.009864 0.043652 -0.050568 -0.038623 2.638295 2.580528 2.480954 2.419710 -0.119010
18.909831 1.908285 -0.000045 -0.050000 2.008836 0.064092 -0.050475 -0.045719 2.641124 2.566351 2.484027 2.405137 -0.153663
19.010246 1.907367 -0.000225 -0.050000 2.007793 0.071521 -0.050367 -0.067761 2.656284 2.551942 2.499674 2.390122 -0.213894
19.110606 1.906486 -0.001121 -0.050000 2.006597 0.068194 -0.050263 -0.156370 2.716213 2.510125 2.561369 2.346788 -0.420669
19.210906 1.905648 -0.005570 -0.050002 2.005392 0.056580 -0.050176 -0.599675 2.983718 2.271254 2.837766 2.101120 -1.449110
19.311145 1.904857 -0.027638 -0.050012 2.004166 0.037381 -0.050123 -2.373835 4.024426 1.268545 3.914370 1.071337 -5.598914
19.411323 1.904118 -0.136799 -0.050060 2.002938 0.012120 -0.050112 -6.372515 6.426631 -1.060999 6.399117 -1.323749 -15.210495
19.511439 1.903433 -0.671352 -0.050299 2.001727 -0.097005 -0.050393 -9.795136 8.947962 -3.365388 9.002211 -3.707142 -25.022703
19.611494 1.902803 -3.171148 -0.051470 2.000576 -0.295394 -0.051041 -9.975364 10.277256 -4.272642 10.361243 -4.678616 -29.589757
19.711219 1.902508 -12.417859 -0.056928 1.990900 -1.321106 -0.054435 -7.210783 9.317338 -3.321128 9.358328 -3.730463 -25.727258
19.810436 1.902748 -27.545394 -0.078651 1.986933 -3.360638 -0.061741 -2.890148 7.037317 -0.914977 6.991260 -1.283344 -16.226898
19.908759 1.903939 -25.601990 -0.129521 1.975694 -6.284758 -0.074158 1.721216 3.885901 3.050186 3.727860 2.770560 -1.793015
20.005745 1.906585 -10.445490 -0.176209 1.970865 -9.974860 -0.092745 5.422753 1.057871 7.475224 0.794463 7.299265 12.922155
20.102096 1.910037 -2.643337 -0.194208 1.976579 -12.891520 -0.114429 7.040015 -0.660553 10.157282 -0.981633 10.056935 21.856404
20.197937 1.914193 -0.591918 -0.198712 1.977354 -14.759361 -0.138634 8.413372 -1.899230 12.123197 -2.265377 12.098167 28.385972
20.293721 1.918620 -0.129376 -0.199719 1.973975 -15.213125 -0.162866 8.004075 -2.039195 12.186548 -2.402743 12.198123 28.826609
20.390084 1.922664 -0.027666 -0.199940 1.976237 -13.997975 -0.184640 7.160177 -1.616425 11.562469 -1.963011 11.591415 26.733318
20.487267 1.926052 -0.005841 -0.199987 1.976972 -11.657847 -0.202782 5.398076 -0.468775 10.043417 -0.774867 10.058266 21.345324
20.585431 1.928574 -0.001207 -0.199997 1.982856 -8.552120 -0.216114 3.541557 0.969457 8.349334 0.707283 8.333934 15.006528
20.684480 1.930281 -0.000245 -0.199999 1.991703 -5.350736 -0.224783 1.897828 2.344361 6.705018 2.122653 6.653599 8.891604
20.784208 1.931338 -0.000049 -0.200000 1.998733 -2.240482 -0.228447 0.153563 3.768267 4.998597 3.589235 4.900171 2.541264
20.884434 1.931897 -0.000010 -0.200000 2.008800 0.278973 -0.228467 -0.782375 4.557592 3.755854 4.405262 3.624684 -1.582316
20.985008 1.932088 -0.000002 -0.200000 2.016048 2.180808 -0.225296 -1.774820 5.215700 2.525952 5.090403 2.358527 -5.421623
21.085866 1.931959 -0.000000 -0.200000 2.022684 3.323360 -0.220413 -1.972214 5.222069 1.830350 5.107270 1.645588 -6.853401
21.186990 1.931515 -0.000000 -0.200000 2.028972 3.798296 -0.214581 -2.156305 5.075481 1.234158 4.969083 1.033838 -7.776567
21.288364 1.930759 -0.000000 -0.200000 2.032410 3.718778 -0.208805 -1.853418 4.578462 1.066368 4.469018 0.864048 -7.117064
21.389961 1.929705 -0.000000 -0.200000 2.036344 3.208406 -0.203731 -1.511609 4.003085 1.024218 3.887892 0.823596 -6.043163
21.491729 1.928395 -0.000000 -0.200000 2.037258 2.474596 -0.199711 -1.047413 3.404141 1.202212 3.278979 1.008398 -4.472509
21.593584 1.926907 -0.000000 -0.200000 2.038161 1.610875 -0.197064 -0.545953 2.802686 1.473534 2.665763 1.290033 -2.704881
21.695455 1.925310 -0.000000 -0.200000 2.036822 0.799395 -0.195620 -0.174741 2.371944 1.762976 2.224962 1.588362 -1.245568
21.797255 1.923692 -0.000000 -0.200000 2.035135 0.080486 -0.195378 0.217435 1.985195 2.093178 1.827696 1.929546 0.209833
21.898938 1.922103 -0.000000 -0.200000 2.032128 -0.451062 -0.195941 0.391558 1.816700 2.329883 1.653056 2.172818 1.032945
22.000457 1.920599 -0.000000 -0.200000 2.028917 -0.801744 -0.197126 0.567211 1.708982 2.568026 1.539663 2.417920 1.737302
22.101802 1.919196 -0.000000 -0.200000 2.025283 -0.963835 -0.198567 0.560481 1.769383 2.695358 1.598504 2.547779 1.875250
22.202965 1.917914 -0.000000 -0.200000 2.021650 -0.967775 -0.200055 0.544045 1.881193 2.807119 1.709523 2.661311 1.877714
22.303956 1.916749 0.000000 -0.200000 2.018371 -0.857268 -0.201388 0.435501 2.069212 2.842777 1.899118 2.695994 1.570441
22.404789 1.915696 0.000000 -0.200000 2.015152 -0.663802 -0.202426 0.315744 2.283490 2.860815 2.115596 2.711984 1.173713
22.505484 1.914744 0.000000 -0.200000 2.012768 -0.442986 -0.203140 0.191010 2.487429 2.847538 2.322233 2.695992 0.733868
22.606064 1.913875 0.000000 -0.200000 2.010429 -0.214284 -0.203485 0.059090 2.691020 2.820859 2.528832 2.665804 0.266812
22.706549 1.913074 0.000000 -0.200000 2.009028 -0.018523 -0.203541 -0.025833 2.832773 2.794814 2.672869 2.637092 -0.073735
22.806966 1.912319 0.000000 -0.200000 2.007665 0.139303 -0.203332 -0.112721 2.956852 2.760849 2.799244 2.600149 -0.395098
22.907333 1.911595 0.000000 -0.200000 2.007044 0.242719 -0.202970 -0.141151 3.009224 2.741014 2.852793 2.578745 -0.542258
23.007669 1.910883 0.000000 -0.200000 2.006461 0.296892 -0.202510 -0.167751 3.039150 2.717724 2.883731 2.553975 -0.651182
23.107986 1.910175 0.000000 -0.200000 2.006285 0.305793 -0.202035 -0.152427 3.017297 2.707951 2.861992 2.543906 -0.627433
23.208296 1.909458 0.000000 -0.200000 2.006136 0.278355 -0.201597 -0.133741 2.977941 2.697523 2.822540 2.533466 -0.569492
23.308600 1.908732 0.000000 -0.200000 2.006062 0.228773 -0.201232 -0.099326 2.917803 2.693820 2.761892 2.530336 -0.455539
23.408901 1.907993 0.000000 -0.200000 2.005995 0.164634 -0.200968 -0.061898 2.849522 2.690998 2.692945 2.528372 -0.323097
23.509195 1.907247 0.000000 -0.200000 2.005766 0.100429 -0.200798 -0.030067 2.787043 2.688789 2.629820 2.527021 -0.201053
23.609477 1.906497 0.000000 -0.200000 2.005526 0.039979 -0.200727 0.003431 2.725460 2.688443 2.567522 2.527704 -0.076835
23.709741 1.905753 0.000000 -0.200000 2.005018 -0.007781 -0.200727 0.021306 2.684166 2.686433 2.525767 2.526382 0.002882
23.809979 1.905022 0.000000 -0.200000 2.004494 -0.042714 -0.200786 0.039422 2.649637 2.687118 2.490781 2.527786 0.074485
23.910185 1.904312 0.000000 -0.200000 2.003716 -0.062605 -0.200876 0.042320 2.637462 2.687198 2.478427 2.528174 0.099483
24.010351 1.903633 0.000000 -0.200000 2.002924 -0.069496 -0.200979 0.044547 2.633974 2.690579 2.474799 2.531800 0.113607
24.110473 1.902989 0.000000 -0.200000 2.001978 -0.065892 -0.201078 0.037743 2.646566 2.695474 2.487431 2.536643 0.098120
24.210548 1.902388 0.000000 -0.200000 2.001023 -0.054284 -0.201160 0.030023 2.666597 2.703774 2.507543 2.544797 0.074431
24.310575 1.901833 0.000000 -0.200000 2.000044 -0.038888 -0.201219 0.020324 2.693393 2.714729 2.534473 2.555491 0.042354
24.410553 1.901327 0.000000 -0.200000 1.999063 -0.021470 -0.201252 0.009951 2.724732 2.728556 2.565969 2.568979 0.006834
24.510484 1.900870 0.000000 -0.200000 1.998175 -0.005570 -0.201260 0.002387 2.754684 2.744435 2.596043 2.584559 -0.021734
24.610370 1.900462 0.000000 -0.200000 1.997292 0.008153 -0.201247 -0.005428 2.786126 2.762144 2.627609 2.601931 -0.049660
24.710217 1.900101 0.000000 -0.200000 1.996574 0.017930 -0.201219 -0.008805 2.811339 2.780009 2.652879 2.619576 -0.064633
24.810028 1.899784 0.000000 -0.200000 1.995866 0.023993 -0.201181 -0.012079 2.835810 2.798494 2.677395 2.637839 -0.076872
24.909808 1.899508 0.000000 -0.200000 1.995348 0.026276 -0.201139 -0.011728 2.852732 2.814979 2.694311 2.654226 -0.077838
25.009562 1.899269 0.000000 -0.200000 1.994840 0.025428 -0.201098 -0.011100 2.867857 2.831083 2.709412 2.670251 -0.075935
25.109296 1.899064 0.000000 -0.200000 1.994505 0.022385 -0.201062 -0.008742 2.876647 2.843725 2.718159 2.682898 -0.068182
25.209013 1.898889 0.000000 -0.200000 1.994180 0.017776 -0.201033 -0.006104 2.883623 2.855450 2.725077 2.694651 -0.058600
25.308717 1.898742 0.000000 -0.200000 1.993983 0.012746 -0.201011 -0.003512 2.886634 2.863403 2.728042 2.702663 -0.048610
25.408411 1.898619 0.000000 -0.200000 1.993794 0.007668 -0.200998 -0.000737 2.888464 2.870425 2.729816 2.709758 -0.038097
25.508098 1.898519 0.000000 -0.200000 1.993686 0.003359 -0.200990 0.000983 2.888694 2.874408 2.730016 2.713806 -0.030496
25.607780 1.898441 0.000000 -0.200000 1.993582 -0.000103 -0.200989 0.002765 2.888593 2.877842 2.729880 2.717307 -0.023325
25.707457 1.898382 0.000000 -0.200000 1.993518 -0.002407 -0.200991 0.003318 2.888573 2.879527 2.729852 2.719033 -0.019865
25.807132 1.898343 0.000000 -0.200000 1.993456 -0.003675 -0.200996 0.003847 2.888957 2.881216 2.730223 2.720754 -0.017211
25.906803 1.898323 0.000000 -0.200000 1.993409 -0.004007 -0.201001 0.003522 2.890221 2.882432 2.731491 2.721976 -0.017305
26.006473 1.898322 0.000000 -0.200000 1.993363 -0.003593 -0.201005 0.003136 2.892332 2.884145 2.733603 2.723683 -0.018108
26.106140 1.898339 0.000000 -0.200000 1.993325 -0.002732 -0.201009 0.002438 2.895376 2.886226 2.736652 2.725743 -0.020059
26.205805 1.898375 0.000000 -0.200000 1.993287 -0.001577 -0.201010 0.001687 2.899386 2.889090 2.740665 2.728573 -0.022387
26.305469 1.898430 0.000000 -0.200000 1.993262 -0.000423 -0.201010 0.001051 2.903921 2.892575 2.745198 2.732022 -0.024522
26.405131 1.898502 0.000000 -0.200000 1.993237 0.000654 -0.201008 0.000391 2.909287 2.896875 2.750560 2.736277 -0.026696
26.504793 1.898593 0.000000 -0.200000 1.993236 0.001479 -0.201005 0.000040 2.914605 2.901551 2.755867 2.740916 -0.028005
26.604455 1.898700 0.000000 -0.200000 1.993237 0.002050 -0.201002 -0.000305 2.920475 2.906865 2.761723 2.746188 -0.029144
26.704118 1.898822 0.000000 -0.200000 1.993273 0.002325 -0.200997 -0.000355 2.925776 2.912051 2.767007 2.751344 -0.029388
26.803782 1.898960 0.000000 -0.200000 1.993311 0.002346 -0.200993 -0.000381 2.931317 2.917589 2.772529 2.756850 -0.029407
26.903450 1.899112 0.000000 -0.200000 1.993392 0.002166 -0.200989 -0.000239 2.935948 2.922485 2.777140 2.761726 -0.028877
27.003121 1.899276 0.000000 -0.200000 1.993475 0.001834 -0.200985 -0.000068 2.940554 2.927441 2.781725 2.766662 -0.028177
27.102798 1.899451 0.000000 -0.200000 1.993601 0.001434 -0.200982 0.000129 2.944120 2.931416 2.785274 2.770625 -0.027353
27.202481 1.899636 0.000000 -0.200000 1.993729 0.001001 -0.200980 0.000349 2.947489 2.935231 2.788625 2.774429 -0.026453
27.302172 1.899829 0.000000 -0.200000 1.993896 0.000606 -0.200978 0.000501 2.949870 2.937970 2.790994 2.777161 -0.025732
27.401871 1.900029 0.000000 -0.200000 1.994065 0.000261 -0.200977 0.000667 2.951981 2.940435 2.793092 2.779620 -0.025018
27.501579 1.900235 0.000000 -0.200000 1.994263 0.000000 -0.200977 0.000735 2.953283 2.941947 2.794386 2.781128 -0.024594
27.601297 1.900445 0.000000 -0.200000 1.994463 -0.000181 -0.200976 0.000808 2.954319 2.943168 2.795414 2.782345 -0.024219
27.701026 1.900658 0.000000 -0.200000 1.994682 -0.000283 -0.200976 0.000803 2.954778 2.943691 2.795869 2.782865 -0.024092
27.800766 1.900874 0.000000 -0.200000 1.994903 -0.000319 -0.200976 0.000797 2.955024 2.943972 2.796110 2.783142 -0.024019
27.900516 1.901091 0.000000 -0.200000 1.995133 -0.000307 -0.200976 0.000754 2.954921 2.943841 2.796004 2.783006 -0.024079
28.000279 1.901309 0.000000 -0.200000 1.995364 -0.000261 -0.200976 0.000708 2.954669 2.943542 2.795749 2.782702 -0.024174
28.100053 1.901526 0.000000 -0.200000 1.995598 -0.000204 -0.200976 0.000661 2.954252 2.943068 2.795329 2.782222 -0.024291
28.199839 1.901743 0.000000 -0.200000 1.995833 -0.000143 -0.200975 0.000612 2.953736 2.942490 2.794810 2.781638 -0.024418
28.299636 1.901959 0.000000 -0.200000 1.996065 -0.000094 -0.200975 0.000582 2.953173 2.941888 2.794243 2.781030 -0.024499
28.399445 1.902173 0.000000 -0.200000 1.996298 -0.000059 -0.200974 0.000553 2.952537 2.941216 2.793603 2.780352 -0.024573
28.499266 1.902385 0.000000 -0.200000 1.996527 -0.000044 -0.200974 0.000546 2.951908 2.940582 2.792969 2.779712 -0.024583
28.599098 1.902593 0.000000 -0.200000 1.996755 -0.000047 -0.200974 0.000540 2.951203 2.939878 2.792258 2.779003 -0.024580
28.698941 1.902799 0.000000 -0.200000 1.996978 -0.000066 -0.200973 0.000550 2.950511 2.939211 2.791561 2.778330 -0.024532
28.798796 1.903001 0.000000 -0.200000 1.997202 -0.000097 -0.200973 0.000561 2.949717 2.938447 2.790763 2.777561 -0.024472
28.898661 1.903199 0.000000 -0.200000 1.997419 -0.000134 -0.200972 0.000577 2.948920 2.937686 2.789960 2.776796 -0.024398
28.998538 1.903393 0.000000 -0.200000 1.997637 -0.000175 -0.200972 0.000594 2.947985 2.936790 2.789021 2.775897 -0.024319
29.098425 1.903582 0.000000 -0.200000 1.997848 -0.000214 -0.200972 0.000608 2.947027 2.935866 2.788058 2.774969 -0.024250
29.198323 1.903766 0.000000 -0.200000 1.998060 -0.000249 -0.200972 0.000623 2.945897 2.934770 2.786926 2.773871 -0.024182
29.298231 1.903944 0.000000 -0.200000 1.998264 -0.000278 -0.200972 0.000631 2.944738 2.933634 2.785764 2.772732 -0.024136
29.398149 1.904116 0.000000 -0.200000 1.998468 -0.000301 -0.200972 0.000639 2.943383 2.932299 2.784407 2.771397 -0.024095
29.498077 1.904282 0.000000 -0.200000 1.998664 -0.000317 -0.200972 0.000641 2.942012 2.930939 2.783035 2.770035 -0.024073
29.598015 1.904442 0.000000 -0.200000 1.998859 -0.000327 -0.200972 0.000642 2.940437 2.929370 2.781458 2.768466 -0.024059
29.697963 1.904595 0.000000 -0.200000 1.999045 -0.000332 -0.200972 0.000641 2.938877 2.927812 2.779898 2.766909 -0.024055
29.797920 1.904741 0.000000 -0.200000 1.999230 -0.000334 -0.200972 0.000638 2.937116 2.926049 2.778138 2.765147 -0.024057
29.897886 1.904880 0.000000 -0.200000 1.999403 -0.000333 -0.200972 0.000636 2.935416 2.924347 2.776437 2.763445 -0.024061
29.997860 1.905012 0.000000 -0.200000 1.999575 -0.000332 -0.200972 0.000633 2.933527 2.922454 2.774550 2.761553 -0.024069
30.097843 1.905136 0.000000 -0.200000 1.999734 -0.000330 -0.200972 0.000632 2.931746 2.920671 2.772769 2.759772 -0.024072
30.197834 1.905254 0.000000 -0.200000 1.999892 -0.000329 -0.200972 0.000630 2.929794 2.918716 2.770819 2.757819 -0.024079
30.297832 1.905364 0.000000 -0.200000 2.000036 -0.000329 -0.200972 0.000631 2.927991 2.916913 2.769017 2.756017 -0.024078
30.397837 1.905467 0.000000 -0.200000 2.000179 -0.000330 -0.200972 0.000630 2.926037 2.914957 2.767064 2.754064 -0.024081
30.497849 1.905563 0.000000 -0.200000 2.000307 -0.000332 -0.200972 0.000632 2.924260 2.913182 2.765288 2.752290 -0.024076
30.597868 1.905651 0.000000 -0.200000 2.000434 -0.000335 -0.200972 0.000632 2.922348 2.911271 2.763379 2.750382 -0.024074
30.697892 1.905733 0.000000 -0.200000 2.000547 -0.000337 -0.200972 0.000635 2.920630 2.909556 2.761662 2.748668 -0.024068
30.797923 1.905807 0.000000 -0.200000 2.000658 -0.000340 -0.200972 0.000636 2.918791 2.907717 2.759825 2.746833 -0.024065
30.897958 1.905875 0.000000 -0.200000 2.000755 -0.000342 -0.200972 0.000639 2.917150 2.906079 2.758185 2.745196 -0.024060
30.997998 1.905936 0.000000 -0.200000 2.000850 -0.000344 -0.200972 0.000639 2.915398 2.904327 2.756435 2.743448 -0.024059
31.098043 1.905990 0.000000 -0.200000 2.000932 -0.000346 -0.200972 0.000641 2.913841 2.902772 2.754880 2.741894 -0.024055
31.198091 1.906038 0.000000 -0.200000 2.001012 -0.000346 -0.200972 0.000641 2.912181 2.901111 2.753222 2.740237 -0.024056
31.298143 1.906080 0.000000 -0.200000 2.001080 -0.000346 -0.200972 0.000642 2.910710 2.899640 2.751752 2.738768 -0.024055
31.398199 1.906116 0.000000 -0.200000 2.001146 -0.000345 -0.200972 0.000642 2.909143 2.898071 2.750188 2.737202 -0.024058
31.498258 1.906146 0.000000 -0.200000 2.001199 -0.000344 -0.200972 0.000643 2.907756 2.896684 2.748804 2.735817 -0.024058
31.598319 1.906170 0.000000 -0.200000 2.001252 -0.000343 -0.200972 0.000642 2.906283 2.895208 2.747333 2.734345 -0.024063
31.698383 1.906189 0.000000 -0.200000 2.001293 -0.000341 -0.200972 0.000642 2.904983 2.893908 2.746035 2.733047 -0.024064
31.798448 1.906203 0.000000 -0.200000 2.001332 -0.000339 -0.200972 0.000641 2.903606 2.892528 2.744661 2.731671 -0.024069
31.898516 1.906211 0.000000 -0.200000 2.001361 -0.000337 -0.200972 0.000642 2.902398 2.891319 2.743455 2.730464 -0.024070
31.998584 1.906215 0.000000 -0.200000 2.001389 -0.000335 -0.200973 0.000641 2.901123 2.890042 2.742183 2.729190 -0.024074
32.098654 1.906214 0.000000 -0.200000 2.001406 -0.000333 -0.200973 0.000642 2.900013 2.888931 2.741075 2.728082 -0.024075
32.198725 1.906209 0.000000 -0.200000 2.001422 -0.000331 -0.200973 0.000641 2.898848 2.887764 2.739913 2.726919 -0.024078
32.298796 1.906200 0.000000 -0.200000 2.001428 -0.000329 -0.200973 0.000641 2.897843 2.886759 2.738911 2.725916 -0.024078
32.398868 1.906187 0.000000 -0.200000 2.001434 -0.000328 -0.200973 0.000641 2.896795 2.885710 2.737866 2.724870 -0.024081
32.498939 1.906170 0.000000 -0.200000 2.001431 -0.000326 -0.200973 0.000641 2.895902 2.884816 2.736974 2.723979 -0.024081
32.599011 1.906150 0.000000 -0.200000 2.001427 -0.000325 -0.200973 0.000641 2.894977 2.883890 2.736052 2.723056 -0.024083
32.699082 1.906126 0.000000 -0.200000 2.001415 -0.000323 -0.200973 0.000641 2.894199 2.883112 2.735276 2.722280 -0.024082
32.799152 1.906100 0.000000 -0.200000 2.001403 -0.000322 -0.200973 0.000641 2.893400 2.882312 2.734480 2.721483 -0.024084
32.899222 1.906071 0.000000 -0.200000 2.001383 -0.000320 -0.200973 0.000641 2.892737 2.881649 2.733819 2.720823 -0.024084
32.999291 1.906039 0.000000 -0.200000 2.001363 -0.000319 -0.200973 0.000641 2.892063 2.880975 2.733148 2.720151 -0.024085
33.099358 1.906006 0.000000 -0.200000 2.001337 -0.000317 -0.200973 0.000641 2.891514 2.880425 2.732600 2.719604 -0.024085
33.199424 1.905970 0.000000 -0.200000 2.001310 -0.000316 -0.200973 0.000641 2.890962 2.879873 2.732050 2.719053 -0.024086
33.299489 1.905932 0.000000 -0.200000 2.001278 -0.000314 -0.200973 0.000641 2.890521 2.879432 2.731611 2.718615 -0.024086
33.399552 1.905893 0.000000 -0.200000 2.001245 -0.000313 -0.200973 0.000640 2.890085 2.878995 2.731177 2.718180 -0.024086
33.499613 1.905853 0.000000 -0.200000 2.001208 -0.000311 -0.200973 0.000640 2.889746 2.878657 2.730840 2.717843 -0.024086
33.599673 1.905811 0.000000 -0.200000 2.001171 -0.000310 -0.200973 0.000640 2.889418 2.878329 2.730514 2.717517 -0.024087
33.699731 1.905768 0.000000 -0.200000 2.001131 -0.000309 -0.200973 0.000640 2.889175 2.878086 2.730273 2.717276 -0.024086
33.799786 1.905725 0.000000 -0.200000 2.001090 -0.000307 -0.200973 0.000639 2.888948 2.877858 2.730047 2.717050 -0.024086
33.899839 1.905681 0.000000 -0.200000 2.001046 -0.000306 -0.200973 0.000639 2.888792 2.877703 2.729893 2.716896 -0.024086
33.999891 1.905636 0.000000 -0.200000 2.001003 -0.000305 -0.200972 0.000639 2.888657 2.877568 2.729760 2.716763 -0.024086
34.099940 1.905592 0.000000 -0.200000 2.000957 -0.000304 -0.200972 0.000639 2.888582 2.877494 2.729686 2.716690 -0.024085
34.199986 1.905547 0.000000 -0.200000 2.000912 -0.000303 -0.200972 0.000638 2.888532 2.877444 2.729637 2.716641 -0.024084
34.300031 1.905502 0.000000 -0.200000 2.000865 -0.000303 -0.200972 0.000638 2.888531 2.877443 2.729637 2.716641 -0.024083
34.400073 1.905457 0.000000 -0.200000 2.000818 -0.000302 -0.200972 0.000638 2.888557 2.877470 2.729665 2.716670 -0.024082
34.500113 1.905413 0.000000 -0.200000 2.000771 -0.000301 -0.200972 0.000638 2.888622 2.877535 2.729731 2.716736 -0.024081
34.600150 1.905369 0.000000 -0.200000 2.000723 -0.000301 -0.200972 0.000638 2.888719 2.877633 2.729828 2.716834 -0.024080
34.700185 1.905326 0.000000 -0.200000 2.000676 -0.000300 -0.200972 0.000637 2.888843 2.877758 2.729954 2.716960 -0.024079
34.800218 1.905283 0.000000 -0.200000 2.000629 -0.000300 -0.200972 0.000637 2.889002 2.877917 2.730113 2.717120 -0.024077
34.900248 1.905241 0.000000 -0.200000 2.000582 -0.000300 -0.200972 0.000637 2.889179 2.878095 2.730291 2.717299 -0.024076
35.000276 1.905200 0.000000 -0.200000 2.000536 -0.000299 -0.200972 0.000637 2.889392 2.878309 2.730504 2.717513 -0.024074
35.100302 1.905160 0.000000 -0.200000 2.000490 -0.000299 -0.200972 0.000637 2.889614 2.878532 2.730728 2.717737 -0.024072
35.200325 1.905121 0.000000 -0.200000 2.000445 -0.000299 -0.200972 0.000637 2.889874 2.878793 2.730988 2.717998 -0.024070
35.300346 1.905083 0.000000 -0.200000 2.000401 -0.000299 -0.200972 0.000636 2.890135 2.879055 2.731249 2.718261 -0.024069
35.400365 1.905046 0.000000 -0.200000 2.000358 -0.000299 -0.200972 0.000636 2.890434 2.879354 2.731548 2.718560 -0.024067
35.500382 1.905011 0.000000 -0.200000 2.000316 -0.000299 -0.200972 0.000636 2.890726 2.879648 2.731841 2.718854 -0.024066
35.600397 1.904976 0.000000 -0.200000 2.000274 -0.000299 -0.200972 0.000636 2.891056 2.879978 2.732171 2.719184 -0.024064
35.700409 1.904943 0.000000 -0.200000 2.000235 -0.000299 -0.200972 0.000636 2.891373 2.880296 2.732489 2.719503 -0.024063
35.800420 1.904912 0.000000 -0.200000 2.000196 -0.000299 -0.200972 0.000635 2.891727 2.880651 2.732842 2.719857 -0.024061
35.900429 1.904882 0.000000 -0.200000 2.000159 -0.000299 -0.200972 0.000635 2.892062 2.880987 2.733177 2.720193 -0.024059
36.000436 1.904853 0.000000 -0.200000 2.000122 -0.000300 -0.200972 0.000635 2.892432 2.881358 2.733547 2.720564 -0.024057
36.100441 1.904826 0.000000 -0.200000 2.000088 -0.000300 -0.200972 0.000635 2.892779 2.881706 2.733894 2.720912 -0.024056
36.200445 1.904800 0.000000 -0.200000 2.000054 -0.000300 -0.200972 0.000635 2.893160 2.882088 2.734275 2.721293 -0.024054
36.300447 1.904776 0.000000 -0.200000 2.000024 -0.000301 -0.200972 0.000635 2.893512 2.882441 2.734628 2.721647 -0.024052
36.400447 1.904753 0.000000 -0.200000 1.999993 -0.000301 -0.200972 0.000635 2.893898 2.882828 2.735013 2.722033 -0.024050
36.500446 1.904732 0.000000 -0.200000 1.999965 -0.000302 -0.200972 0.000635 2.894252 2.883182 2.735366 2.722387 -0.024049
36.600444 1.904712 0.000000 -0.200000 1.999937 -0.000302 -0.200972 0.000635 2.894636 2.883568 2.735750 2.722772 -0.024047
36.700440 1.904694 0.000000 -0.200000 1.999912 -0.000303 -0.200972 0.000634 2.894987 2.883919 2.736101 2.723123 -0.024045
36.800435 1.904677 0.000000 -0.200000 1.999888 -0.000303 -0.200972 0.000635 2.895365 2.884299 2.736479 2.723502 -0.024043
36.900429 1.904662 0.000000 -0.200000 1.999866 -0.000304 -0.200972 0.000634 2.895708 2.884643 2.736822 2.723846 -0.024042
37.000422 1.904647 0.000000 -0.200000 1.999845 -0.000304 -0.200972 0.000634 2.896078 2.885013 2.737191 2.724215 -0.024040
37.100413 1.904635 0.000000 -0.200000 1.999826 -0.000305 -0.200972 0.000634 2.896409 2.885346 2.737522 2.724547 -0.024039
37.200404 1.904624 0.000000 -0.200000 1.999808 -0.000306 -0.200972 0.000634 2.896765 2.885702 2.737878 2.724903 -0.024037
37.300394 1.904614 0.000000 -0.200000 1.999792 -0.000306 -0.200972 0.000634 2.897083 2.886021 2.738195 2.725221 -0.024036
37.400383 1.904605 0.000000 -0.200000 1.999777 -0.000307 -0.200971 0.000634 2.897423 2.886361 2.738534 2.725561 -0.024034
37.500372 1.904597 0.000000 -0.200000 1.999765 -0.000307 -0.200971 0.000634 2.897724 2.886663 2.738835 2.725862 -0.024034
37.600360 1.904591 0.000000 -0.200000 1.999752 -0.000308 -0.200971 0.000634 2.898044 2.886984 2.739154 2.726183 -0.024032
37.700347 1.904586 0.000000 -0.200000 1.999742 -0.000309 -0.200971 0.000634 2.898326 2.887267 2.739436 2.726465 -0.024031
37.800334 1.904582 0.000000 -0.200000 1.999733 -0.000309 -0.200971 0.000634 2.898625 2.887567 2.739735 2.726764 -0.024030
37.900321 1.904579 0.000000 -0.200000 1.999726 -0.000310 -0.200971 0.000634 2.898887 2.887829 2.739996 2.727026 -0.024029
38.000307 1.904578 0.000000 -0.200000 1.999719 -0.000310 -0.200971 0.000634 2.899163 2.888106 2.740272 2.727302 -0.024027
38.100292 1.904577 0.000000 -0.200000 1.999714 -0.000311 -0.200971 0.000634 2.899403 2.888346 2.740511 2.727542 -0.024027
38.200278 1.904577 0.000000 -0.200000 1.999709 -0.000312 -0.200971 0.000634 2.899655 2.888599 2.740762 2.727793 -0.024026
38.300263 1.904578 0.000000 -0.200000 1.999707 -0.000312 -0.200971 0.000634 2.899872 2.888816 2.740979 2.728011 -0.024025
38.400249 1.904580 0.000000 -0.200000 1.999705 -0.000313 -0.200971 0.000634 2.900099 2.889044 2.741205 2.728237 -0.024024
38.500234 1.904583 0.000000 -0.200000 1.999704 -0.000313 -0.200971 0.000634 2.900293 2.889238 2.741399 2.728431 -0.024023
38.600219 1.904586 0.000000 -0.200000 1.999704 -0.000314 -0.200971 0.000634 2.900495 2.889440 2.741600 2.728632 -0.024022
38.700204 1.904590 0.000000 -0.200000 1.999706 -0.000314 -0.200971 0.000634 2.900665 2.889611 2.741770 2.728803 -0.024022
38.800190 1.904595 0.000000 -0.200000 1.999708 -0.000315 -0.200971 0.000634 2.900841 2.889787 2.741945 2.728978 -0.024021
38.900175 1.904601 0.000000 -0.200000 1.999711 -0.000315 -0.200971 0.000634 2.900988 2.889934 2.742092 2.729125 -0.024021
39.000161 1.904606 0.000000 -0.200000 1.999714 -0.000316 -0.200971 0.000634 2.901139 2.890086 2.742242 2.729276 -0.024020
39.100147 1.904613 0.000000 -0.200000 1.999719 -0.000316 -0.200971 0.000634 2.901264 2.890210 2.742366 2.729400 -0.024020
39.200133 1.904620 0.000000 -0.200000 1.999724 -0.000317 -0.200971 0.000635 2.901390 2.890337 2.742492 2.729526 -0.024019
39.300119 1.904627 0.000000 -0.200000 1.999730 -0.000317 -0.200971 0.000634 2.901492 2.890439 2.742594 2.729628 -0.024019
39.400106 1.904635 0.000000 -0.200000 1.999736 -0.000318 -0.200971 0.000635 2.901594 2.890542 2.742696 2.729730 -0.024019
39.500093 1.904643 0.000000 -0.200000 1.999743 -0.000318 -0.200971 0.000635 2.901675 2.890623 2.742777 2.729811 -0.024019
39.600080 1.904651 0.000000 -0.200000 1.999750 -0.000318 -0.200971 0.000635 2.901755 2.890703 2.742856 2.729890 -0.024018
39.700068 1.904660 0.000000 -0.200000 1.999758 -0.000319 -0.200971 0.000635 2.901816 2.890764 2.742916 2.729951 -0.024018
39.800056 1.904669 0.000000 -0.200000 1.999766 -0.000319 -0.200971 0.000635 2.901874 2.890822 2.742974 2.730009 -0.024018
39.900044 1.904678 0.000000 -0.200000 1.999775 -0.000319 -0.200971 0.000635 2.901916 2.890864 2.743016 2.730050 -0.024018
40.000033 1.904687 0.000000 -0.200000 1.999784 -0.000319 -0.200971 0.000635 2.901954 2.890902 2.743054 2.730088 -0.024018
40.100023 1.904696 0.000000 -0.200000 1.999793 -0.000320 -0.200971 0.000635 2.901979 2.890926 2.743078 2.730112 -0.024018
40.200013 1.904705 0.000000 -0.200000 1.999802 -0.000320 -0.200971 0.000635 2.901998 2.890946 2.743097 2.730131 -0.024018
40.300003 1.904715 0.000000 -0.200000 1.999812 -0.000320 -0.200971 0.000635 2.902006 2.890954 2.743105 2.730139 -0.024018
40.399994 1.904724 0.000000 -0.200000 1.999821 -0.000320 -0.200971 0.000635 2.902009 2.890956 2.743107 2.730141 -0.024018
40.499985 1.904733 0.000000 -0.200000 1.999831 -0.000320 -0.200971 0.000635 2.902002 2.890949 2.743100 2.730134 -0.024018
40.599977 1.904742 0.000000 -0.200000 1.999841 -0.000321 -0.200971 0.000635 2.901989 2.890936 2.743087 2.730121 -0.024018
40.699969 1.904751 0.000000 -0.200000 1.999850 -0.000321 -0.200971 0.000635 2.901969 2.890916 2.743067 2.730101 -0.024019
40.799962 1.904760 0.000000 -0.200000 1.999860 -0.000321 -0.200971 0.000636 2.901942 2.890890 2.743040 2.730074 -0.024018
40.899955 1.904769 0.000000 -0.200000 1.999870 -0.000321 -0.200971 0.000635 2.901911 2.890858 2.743008 2.730042 -0.024019
40.999949 1.904778 0.000000 -0.200000 1.999880 -0.000321 -0.200971 0.000635 2.901872 2.890819 2.742969 2.730003 -0.024019
41.099943 1.904786 0.000000 -0.200000 1.999889 -0.000321 -0.200971 0.000635 2.901831 2.890778 2.742928 2.729961 -0.024020
41.199938 1.904794 0.000000 -0.200000 1.999899 -0.000321 -0.200971 0.000635 2.901782 2.890728 2.742879 2.729912 -0.024020
41.299933 1.904802 0.000000 -0.200000 1.999908 -0.000321 -0.200971 0.000635 2.901732 2.890678 2.742828 2.729862 -0.024020
41.399929 1.904810 0.000000 -0.200000 1.999917 -0.000321 -0.200971 0.000635 2.901674 2.890620 2.742771 2.729804 -0.024021
41.499925 1.904818 0.000000 -0.200000 1.999926 -0.000321 -0.200971 0.000635 2.901617 2.890563 2.742713 2.729746 -0.024021
41.599921 1.904825 0.000000 -0.200000 1.999935 -0.000321 -0.200971 0.000635 2.901552 2.890498 2.742648 2.729681 -0.024021
41.699918 1.904832 0.000000 -0.200000 1.999943 -0.000321 -0.200971 0.000635 2.901489 2.890434 2.742585 2.729618 -0.024021
41.799916 1.904839 0.000000 -0.200000 1.999951 -0.000322 -0.200971 0.000635 2.901418 2.890364 2.742515 2.729547 -0.024022
41.899913 1.904846 0.000000 -0.200000 1.999959 -0.000322 -0.200971 0.000635 2.901351 2.890296 2.742447 2.729480 -0.024022
41.999912 1.904852 0.000000 -0.200000 1.999967 -0.000322 -0.200971 0.000636 2.901276 2.890221 2.742372 2.729405 -0.024022
42.099910 1.904858 0.000000 -0.200000 1.999974 -0.000322 -0.200971 0.000636 2.901206 2.890151 2.742302 2.729335 -0.024022
42.199909 1.904863 0.000000 -0.200000 1.999982 -0.000322 -0.200971 0.000636 2.901128 2.890073 2.742224 2.729257 -0.024022
42.299908 1.904869 0.000000 -0.200000 1.999988 -0.000322 -0.200971 0.000636 2.901056 2.890001 2.742152 2.729185 -0.024022
42.399908 1.904874 0.000000 -0.200000 1.999995 -0.000322 -0.200971 0.000636 2.900977 2.889922 2.742073 2.729106 -0.024022
42.499908 1.904878 0.000000 -0.200000 2.000001 -0.000322 -0.200971 0.000636 2.900903 2.889849 2.742000 2.729032 -0.024022
42.599908 1.904883 0.000000 -0.200000 2.000007 -0.000322 -0.200971 0.000636 2.900824 2.889769 2.741921 2.728953 -0.024023
42.699908 1.904887 0.000000 -0.200000 2.000013 -0.000322 -0.200971 0.000636 2.900751 2.889696 2.741848 2.728880 -0.024023
42.799909 1.904891 0.000000 -0.200000 2.000018 -0.000321 -0.200971 0.000636 2.900672 2.889617 2.741769 2.728801 -0.024024
42.899910 1.904894 0.000000 -0.200000 2.000023 -0.000321 -0.200971 0.000636 2.900601 2.889545 2.741697 2.728729 -0.024025
42.999912 1.904897 0.000000 -0.200000 2.000028 -0.000321 -0.200972 0.000636 2.900524 2.889467 2.741620 2.728651 -0.024025
43.099913 1.904900 0.000000 -0.200000 2.000032 -0.000321 -0.200972 0.000636 2.900454 2.889397 2.741551 2.728582 -0.024026
43.199915 1.904903 0.000000 -0.200000 2.000036 -0.000320 -0.200972 0.000636 2.900379 2.889322 2.741476 2.728507 -0.024026
43.299917 1.904905 0.000000 -0.200000 2.000039 -0.000320 -0.200972 0.000636 2.900312 2.889255 2.741409 2.728439 -0.024026
43.399919 1.904907 0.000000 -0.200000 2.000043 -0.000320 -0.200972 0.000636 2.900240 2.889183 2.741337 2.728367 -0.024027
43.499921 1.904909 0.000000 -0.200000 2.000046 -0.000320 -0.200972 0.000636 2.900176 2.889119 2.741273 2.728303 -0.024027
43.599923 1.904911 0.000000 -0.200000 2.000049 -0.000320 -0.200972 0.000636 2.900108 2.889050 2.741205 2.728235 -0.024027
43.699926 1.904912 0.000000 -0.200000 2.000051 -0.000320 -0.200972 0.000636 2.900047 2.888990 2.741145 2.728175 -0.024027
43.799928 1.904913 0.000000 -0.200000 2.000053 -0.000320 -0.200972 0.000636 2.899983 2.888926 2.741081 2.728111 -0.024028
43.899931 1.904914 0.000000 -0.200000 2.000055 -0.000320 -0.200972 0.000636 2.899927 2.888869 2.741025 2.728055 -0.024028
43.999934 1.904914 0.000000 -0.200000 2.000057 -0.000320 -0.200972 0.000636 2.899868 2.888810 2.740965 2.727995 -0.024028
44.099937 1.904915 0.000000 -0.200000 2.000058 -0.000319 -0.200972 0.000636 2.899816 2.888758 2.740914 2.727943 -0.024028
44.199940 1.904915 0.000000 -0.200000 2.000059 -0.000319 -0.200972 0.000636 2.899761 2.888703 2.740859 2.727889 -0.024029
44.299943 1.904915 0.000000 -0.200000 2.000060 -0.000319 -0.200972 0.000636 2.899714 2.888656 2.740812 2.727842 -0.024029
44.399946 1.904915 0.000000 -0.200000 2.000060 -0.000319 -0.200972 0.000636 2.899665 2.888606 2.740763 2.727792 -0.024029
44.499949 1.904914 0.000000 -0.200000 2.000061 -0.000319 -0.200972 0.000636 2.899622 2.888564 2.740720 2.727750 -0.024029
44.599952 1.904914 0.000000 -0.200000 2.000061 -0.000319 -0.200972 0.000636 2.899578 2.888519 2.740676 2.727706 -0.024029
44.699955 1.904913 0.000000 -0.200000 2.000061 -0.000319 -0.200972 0.000636 2.899540 2.888482 2.740639 2.727668 -0.024029
44.799958 1.904912 0.000000 -0.200000 2.000061 -0.000319 -0.200972 0.000636 2.899501 2.888443 2.740600 2.727629 -0.024029
44.899961 1.904911 0.000000 -0.200000 2.000060 -0.000319 -0.200972 0.000636 2.899468 2.888410 2.740567 2.727596 -0.024029
44.999964 1.904910 0.000000 -0.200000 2.000060 -0.000318 -0.200972 0.000636 2.899435 2.888376 2.740534 2.727562 -0.024030
45.099967 1.904909 0.000000 -0.200000 2.000059 -0.000318 -0.200972 0.000636 2.899407 2.888348 2.740506 2.727534 -0.024030
45.199970 1.904907 0.000000 -0.200000 2.000058 -0.000318 -0.200972 0.000636 2.899378 2.888319 2.740477 2.727506 -0.024030
45.299973 1.904906 0.000000 -0.200000 2.000057 -0.000318 -0.200972 0.000636 2.899355 2.888295 2.740454 2.727483 -0.024030
45.399975 1.904905 0.000000 -0.200000 2.000056 -0.000318 -0.200972 0.000636 2.899331 2.888272 2.740430 2.727459 -0.024030
45.499978 1.904903 0.000000 -0.200000 2.000054 -0.000318 -0.200972 0.000636 2.899312 2.888253 2.740411 2.727440 -0.024031
45.599981 1.904901 0.000000 -0.200000 2.000053 -0.000318 -0.200972 0.000636 2.899293 2.888234 2.740392 2.727421 -0.024030
45.699983 1.904900 0.000000 -0.200000 2.000052 -0.000318 -0.200972 0.000636 2.899278 2.888219 2.740378 2.727407 -0.024030
45.799986 1.904898 0.000000 -0.200000 2.000050 -0.000318 -0.200972 0.000636 2.899264 2.888205 2.740364 2.727392 -0.024030
45.899988 1.904896 0.000000 -0.200000 2.000048 -0.000318 -0.200972 0.000636 2.899254 2.888194 2.740353 2.727382 -0.024030
45.999991 1.904894 0.000000 -0.200000 2.000046 -0.000318 -0.200972 0.000636 2.899244 2.888184 2.740343 2.727372 -0.024030
46.099993 1.904892 0.000000 -0.200000 2.000045 -0.000318 -0.200972 0.000636 2.899237 2.888178 2.740336 2.727365 -0.024030
46.199995 1.904890 0.000000 -0.200000 2.000043 -0.000317 -0.200972 0.000636 2.899231 2.888172 2.740331 2.727359 -0.024031
46.299997 1.904888 0.000000 -0.200000 2.000041 -0.000317 -0.200972 0.000636 2.899228 2.888168 2.740327 2.727356 -0.024030
46.399999 1.904887 0.000000 -0.200000 2.000039 -0.000317 -0.200972 0.000636 2.899225 2.888166 2.740325 2.727354 -0.024031
46.500001 1.904885 0.000000 -0.200000 2.000037 -0.000317 -0.200972 0.000636 2.899225 2.888166 2.740325 2.727354 -0.024030
46.600003 1.904883 0.000000 -0.200000 2.000035 -0.000317 -0.200972 0.000636 2.899226 2.888167 2.740326 2.727355 -0.024030
46.700005 1.904881 0.000000 -0.200000 2.000033 -0.000317 -0.200972 0.000636 2.899229 2.888170 2.740329 2.727358 -0.024030
46.800006 1.904879 0.000000 -0.200000 2.000031 -0.000317 -0.200972 0.000636 2.899233 2.888174 2.740333 2.727362 -0.024030
46.900008 1.904877 0.000000 -0.200000 2.000029 -0.000317 -0.200972 0.000636 2.899238 2.888179 2.740338 2.727367 -0.024030
47.000009 1.904875 0.000000 -0.200000 2.000027 -0.000317 -0.200972 0.000636 2.899245 2.888186 2.740345 2.727374 -0.024030
47.100010 1.904874 0.000000 -0.200000 2.000025 -0.000317 -0.200972 0.000636 2.899253 2.888193 2.740353 2.727382 -0.024031
47.200012 1.904872 0.000000 -0.200000 2.000023 -0.000317 -0.200972 0.000636 2.899262 2.888203 2.740362 2.727391 -0.024030
47.300013 1.904870 0.000000 -0.200000 2.000021 -0.000317 -0.200972 0.000636 2.899271 2.888212 2.740371 2.727400 -0.024030
47.400014 1.904868 0.000000 -0.200000 2.000019 -0.000317 -0.200972 0.000636 2.899282 2.888223 2.740382 2.727411 -0.024030
47.500015 1.904867 0.000000 -0.200000 2.000017 -0.000317 -0.200972 0.000636 2.899293 2.888234 2.740394 2.727422 -0.024030
47.600015 1.904865 0.000000 -0.200000 2.000015 -0.000317 -0.200972 0.000636 2.899306 2.888247 2.740406 2.727435 -0.024030
47.700016 1.904864 0.000000 -0.200000 2.000014 -0.000317 -0.200972 0.000636 2.899318 2.888259 2.740419 2.727448 -0.024030
47.800017 1.904862 0.000000 -0.200000 2.000012 -0.000317 -0.200972 0.000635 2.899333 2.888273 2.740433 2.727462 -0.024030
47.900017 1.904861 0.000000 -0.200000 2.000010 -0.000317 -0.200972 0.000636 2.899346 2.888287 2.740446 2.727475 -0.024030
48.000018 1.904859 0.000000 -0.200000 2.000008 -0.000317 -0.200972 0.000636 2.899361 2.888302 2.740461 2.727490 -0.024030
48.100018 1.904858 0.000000 -0.200000 2.000007 -0.000317 -0.200972 0.000636 2.899375 2.888316 2.740475 2.727505 -0.024029
48.200019 1.904857 0.000000 -0.200000 2.000005 -0.000317 -0.200972 0.000636 2.899391 2.888332 2.740491 2.727520 -0.024029
48.300019 1.904856 0.000000 -0.200000 2.000004 -0.000317 -0.200972 0.000636 2.899405 2.888347 2.740506 2.727535 -0.024029
48.400019 1.904855 0.000000 -0.200000 2.000002 -0.000317 -0.200972 0.000636 2.899422 2.888363 2.740522 2.727551 -0.024030
48.500019 1.904854 0.000000 -0.200000 2.000001 -0.000317 -0.200972 0.000636 2.899437 2.888378 2.740537 2.727566 -0.024029
48.600019 1.904853 0.000000 -0.200000 2.000000 -0.000317 -0.200972 0.000636 2.899453 2.888395 2.740553 2.727583 -0.024029
48.700019 1.904852 0.000000 -0.200000 1.999999 -0.000317 -0.200972 0.000636 2.899468 2.888410 2.740568 2.727598 -0.024029
48.800019 1.904851 0.000000 -0.200000 1.999997 -0.000317 -0.200972 0.000636 2.899485 2.888426 2.740585 2.727614 -0.024029
48.900019 1.904850 0.000000 -0.200000 1.999996 -0.000317 -0.200972 0.000636 2.899499 2.888441 2.740600 2.727629 -0.024029
49.000019 1.904849 0.000000 -0.200000 1.999995 -0.000317 -0.200972 0.000636 2.899516 2.888457 2.740616 2.727645 -0.024029
49.100018 1.904849 0.000000 -0.200000 1.999994 -0.000317 -0.200972 0.000636 2.899530 2.888472 2.740630 2.727660 -0.024029
49.200018 1.904848 0.000000 -0.200000 1.999993 -0.000317 -0.200972 0.000636 2.899546 2.888488 2.740646 2.727676 -0.024029
49.300018 1.904848 0.000000 -0.200000 1.999993 -0.000317 -0.200972 0.000636 2.899560 2.888502 2.740660 2.727690 -0.024029
49.400017 1.904847 0.000000 -0.200000 1.999992 -0.000317 -0.200972 0.000636 2.899575 2.888517 2.740675 2.727705 -0.024028
49.500017 1.904847 0.000000 -0.200000 1.999991 -0.000317 -0.200972 0.000636 2.899589 2.888531 2.740689 2.727719 -0.024029
49.600016 1.904846 0.000000 -0.200000 1.999991 -0.000317 -0.200972 0.000636 2.899603 2.888545 2.740703 2.727733 -0.024029
49.700016 1.904846 0.000000 -0.200000 1.999990 -0.000317 -0.200972 0.000635 2.899616 2.888558 2.740716 2.727746 -0.024029
49.800015 1.904846 0.000000 -0.200000 1.999989 -0.000317 -0.200972 0.000636 2.899630 2.888572 2.740730 2.727759 -0.024029
49.900015 1.904846 0.000000 -0.200000 1.999989 -0.000317 -0.200972 0.000636 2.899642 2.888584 2.740742 2.727772 -0.024029
50.000014 1.904845 0.000000 -0.200000 1.999989 -0.000317 -0.200972 0.000635 2.899655 2.888596 2.740755 2.727784 -0.024029
