dist vxRef thetaRef YRef vx theta Y steer Tfl Tfr Trl Trrr dT
0.000000 2.000000 0.000069 0.000001 2.000000 0.000000 0.000000 0.000091 9.877860 9.878261 9.877860 9.878261 0.000802
0.099433 2.000576 0.000083 0.000001 1.976133 0.000000 -0.000000 0.000100 9.310744 9.311203 9.310744 9.311203 0.000918
0.198549 2.001514 0.000101 0.000001 1.990456 0.000016 0.000000 0.000097 7.223947 7.224392 7.223947 7.224392 0.000891
0.298429 2.001712 0.000122 0.000001 2.004620 0.000051 0.000000 0.000097 6.317097 6.317542 6.317097 6.317542 0.000890
0.398812 2.001400 0.000148 0.000001 2.010257 0.000095 0.000000 0.000100 6.129070 6.129534 6.129070 6.129534 0.000929
0.499367 2.000890 0.000179 0.000002 2.011776 0.000141 0.000001 0.000108 6.091465 6.091973 6.091465 6.091973 0.001016
0.599971 2.000303 0.000218 0.000002 2.012330 0.000188 0.000001 0.000120 6.043208 6.043789 6.043208 6.043789 0.001162
0.700596 1.999663 0.000264 0.000002 2.012689 0.000238 0.000001 0.000139 5.988915 5.989602 5.988915 5.989602 0.001373
0.801235 1.998979 0.000320 0.000003 2.012846 0.000292 0.000002 0.000163 5.944555 5.945383 5.944555 5.945383 0.001656
0.901876 1.998260 0.000389 0.000004 2.012774 0.000353 0.000002 0.000195 5.911904 5.912914 5.911904 5.912914 0.002019
1.002508 1.997518 0.000471 0.000004 2.012514 0.000423 0.000003 0.000234 5.887699 5.888935 5.887699 5.888935 0.002471
1.103124 1.996762 0.000572 0.000005 2.012116 0.000506 0.000004 0.000283 5.869317 5.870831 5.869317 5.870831 0.003028
1.203717 1.995997 0.000694 0.000006 2.011618 0.000605 0.000005 0.000343 5.855312 5.857166 5.855312 5.857166 0.003708
1.304284 1.995230 0.000841 0.000008 2.011044 0.000725 0.000006 0.000416 5.844787 5.847054 5.844787 5.847054 0.004534
1.404821 1.994466 0.001021 0.000009 2.010416 0.000870 0.000008 0.000505 5.837051 5.839818 5.837051 5.839818 0.005535
1.505325 1.993708 0.001238 0.000011 2.009747 0.001047 0.000010 0.000613 5.831544 5.834918 5.831544 5.834918 0.006747
1.605795 1.992960 0.001501 0.000014 2.009051 0.001261 0.000012 0.000744 5.827819 5.831927 5.827819 5.831927 0.008215
1.706229 1.992224 0.001820 0.000017 2.008337 0.001521 0.000015 0.000903 5.825523 5.830519 5.825523 5.830519 0.009990
1.806628 1.991504 0.002207 0.000020 2.007613 0.001836 0.000018 0.001095 5.824375 5.830445 5.824375 5.830445 0.012139
1.906991 1.990801 0.002676 0.000024 2.006886 0.002219 0.000022 0.001328 5.824146 5.831516 5.824146 5.831516 0.014740
2.007317 1.990117 0.003244 0.000029 2.006161 0.002684 0.000026 0.001610 5.824646 5.833590 5.824646 5.833590 0.017888
2.107607 1.989454 0.003933 0.000036 2.005442 0.003248 0.000032 0.001951 5.825712 5.836562 5.825712 5.836562 0.021699
2.207861 1.988813 0.004767 0.000043 2.004733 0.003932 0.000039 0.002365 5.827202 5.840358 5.827202 5.840358 0.026313
2.308080 1.988195 0.005778 0.000053 2.004038 0.004761 0.000047 0.002866 5.828983 5.844932 5.828982 5.844931 0.031898
2.408265 1.987601 0.007003 0.000064 2.003358 0.005766 0.000057 0.003473 5.830930 5.850260 5.830929 5.850259 0.038660
2.508416 1.987033 0.008488 0.000077 2.002695 0.006984 0.000069 0.004207 5.832918 5.856341 5.832917 5.856339 0.046846
2.608535 1.986490 0.010285 0.000094 2.002053 0.008459 0.000084 0.005097 5.834818 5.863195 5.834816 5.863193 0.056755
2.708622 1.985974 0.012463 0.000113 2.001431 0.010246 0.000102 0.006173 5.836494 5.870868 5.836491 5.870866 0.068749
2.808679 1.985485 0.015100 0.000137 2.000832 0.012411 0.000123 0.007476 5.837793 5.879425 5.837789 5.879422 0.083265
2.908706 1.985023 0.018294 0.000166 2.000257 0.015033 0.000150 0.009053 5.838547 5.888963 5.838542 5.888958 0.100832
3.008705 1.984588 0.022162 0.000202 1.999706 0.018207 0.000181 0.010961 5.838564 5.899607 5.838556 5.899599 0.122085
3.108677 1.984182 0.026845 0.000244 1.999181 0.022051 0.000220 0.013269 5.837621 5.911518 5.837609 5.911506 0.147793
3.208624 1.983802 0.032514 0.000296 1.998681 0.026704 0.000266 0.016060 5.835459 5.924900 5.835441 5.924882 0.178882
3.308546 1.983451 0.039377 0.000358 1.998208 0.032337 0.000322 0.019435 5.831773 5.940007 5.831747 5.939981 0.216467
3.408445 1.983127 0.047683 0.000434 1.997761 0.039154 0.000390 0.023514 5.826206 5.957150 5.826169 5.957113 0.261888
3.508322 1.982830 0.057734 0.000526 1.997341 0.047403 0.000472 0.028442 5.818334 5.976712 5.818280 5.976657 0.316754
3.608180 1.982560 0.069895 0.000636 1.996949 0.057384 0.000572 0.034392 5.807658 5.999156 5.807579 5.999076 0.382994
3.708018 1.982317 0.084603 0.000771 1.996584 0.069456 0.000693 0.041572 5.793587 6.025044 5.793470 6.024928 0.462915
3.807838 1.982100 0.102389 0.000933 1.996245 0.084055 0.000839 0.050230 5.775420 6.055052 5.775250 6.054883 0.559265
3.907643 1.981909 0.123888 0.001130 1.995934 0.101704 0.001015 0.060661 5.752334 6.089992 5.752086 6.089744 0.675315
4.007432 1.981743 0.149867 0.001367 1.995650 0.123032 0.001229 0.073214 5.723362 6.130829 5.723001 6.130468 0.814934
4.107208 1.981601 0.181244 0.001655 1.995392 0.148796 0.001487 0.088302 5.687373 6.178712 5.686848 6.178187 0.982678
4.206971 1.981483 0.219118 0.002002 1.995160 0.179901 0.001799 0.106407 5.643055 6.234993 5.642290 6.234229 1.183877
4.306723 1.981389 0.264804 0.002422 1.994955 0.217431 0.002176 0.128092 5.588896 6.301254 5.587787 6.300146 1.424718
4.406465 1.981317 0.319868 0.002930 1.994775 0.262679 0.002632 0.154003 5.523177 6.379330 5.521571 6.377726 1.712307
4.506199 1.981267 0.386170 0.003542 1.994621 0.317185 0.003182 0.184878 5.443973 6.471320 5.441655 6.469005 2.054696
4.605924 1.981238 0.465909 0.004282 1.994493 0.382770 0.003846 0.221542 5.349169 6.579594 5.345832 6.576263 2.460856
4.705643 1.981230 0.561668 0.005174 1.994390 0.461583 0.004646 0.264898 5.236504 6.706772 5.231720 6.701999 2.940547
4.805356 1.981242 0.676468 0.006248 1.994313 0.556141 0.005610 0.315909 5.103663 6.855672 5.096837 6.848863 3.504035
4.905064 1.981274 0.813803 0.007541 1.994263 0.669374 0.006771 0.375555 4.948408 7.029204 4.938723 7.019548 4.161621
5.004766 1.981325 0.977680 0.009096 1.994241 0.804660 0.008165 0.444775 4.768792 7.230198 4.755143 7.216598 4.922861
5.104465 1.981396 1.172629 0.010962 1.994248 0.965845 0.009839 0.524363 4.563469 7.461127 4.544390 7.442130 5.795398
5.204158 1.981487 1.403677 0.013198 1.994289 1.157253 0.011844 0.614836 4.332102 7.723698 4.305693 7.697423 6.783327
5.303845 1.981600 1.676281 0.015872 1.994368 1.383644 0.014240 0.716247 4.075897 8.018286 4.039766 7.982371 7.884994
5.403526 1.981735 1.996170 0.019060 1.994490 1.650134 0.017097 0.827944 3.798241 8.343181 3.749494 8.294774 9.090220
5.503197 1.981896 2.369092 0.022851 1.994664 1.962041 0.020493 0.948291 3.505402 8.693657 3.440717 8.629494 10.377032
5.602855 1.982087 2.800413 0.027341 1.994900 2.324626 0.024516 1.074356 3.207222 9.060916 3.123061 8.977534 11.708166
5.702495 1.982313 3.294542 0.032636 1.995212 2.742724 0.029259 1.201621 2.917652 9.431021 2.810671 9.325163 13.027862
5.802110 1.982582 3.854172 0.038849 1.995614 3.220233 0.034826 1.323770 2.654961 9.784063 2.522654 9.653306 14.259753
5.901692 1.982905 4.479308 0.046094 1.996123 3.759453 0.041321 1.432643 2.441441 10.093854 2.283008 9.937455 15.306860
6.001230 1.983294 5.166158 0.054484 1.996755 4.360295 0.048850 1.518463 2.302340 10.328669 2.119666 10.148508 16.055171
6.100710 1.983765 5.905977 0.064119 1.997523 5.019411 0.057512 1.570407 2.264229 10.453115 2.062757 10.254534 16.380663
6.200120 1.984334 6.684047 0.075082 1.998436 5.729322 0.067392 1.577561 2.352420 10.431823 2.141549 10.224006 16.161860
6.299443 1.985021 7.479073 0.087420 1.999492 6.477696 0.078557 1.530207 2.588136 10.234302 2.380761 10.029838 15.295243
6.398666 1.985845 8.263266 0.101141 2.000677 7.246928 0.091040 1.421287 2.985456 9.840615 2.796375 9.653971 13.712757
6.497777 1.986823 9.003390 0.116199 2.001965 8.014209 0.104838 1.247801 3.548650 9.246469 3.391882 9.091424 11.397362
6.596770 1.987966 9.662872 0.132483 2.003318 8.752222 0.119902 1.011818 4.270084 8.466576 4.155588 8.353026 8.393930
6.695648 1.989277 10.204864 0.149820 2.004691 9.430536 0.136133 0.720852 5.129289 7.534737 5.059974 7.465745 4.811218
6.794422 1.990750 10.595867 0.167974 2.006040 10.017629 0.153379 0.387419 6.093247 6.500698 6.063277 6.470713 0.814888
6.893118 1.992365 10.809345 0.186655 2.007330 10.483357 0.171438 0.027793 7.118430 5.423688 7.113555 5.418732 -3.389565
6.991772 1.994089 10.828680 0.205538 2.008540 10.801552 0.190067 -0.339839 8.154503 4.364459 8.154495 4.364426 -7.580113
7.090430 1.995877 10.648944 0.224278 2.009664 10.952357 0.208986 -0.697493 9.149486 3.377683 9.132043 3.360156 -11.543690
7.189144 1.997674 10.277173 0.242535 2.010712 10.923944 0.227899 -1.029375 10.055725 2.506200 10.000718 2.450691 -15.099553
7.287969 1.999421 9.731122 0.259992 2.011697 10.713342 0.246499 -1.323425 10.835585 1.777793 10.728437 1.669245 -18.116985
7.386956 2.001062 9.036725 0.276371 2.012636 10.326263 0.264488 -1.572249 11.465614 1.204498 11.299016 1.035189 -20.524943
7.486147 2.002544 8.224701 0.291442 2.013539 9.776003 0.281586 -1.773375 11.938570 0.783836 11.712361 0.553405 -22.313690
7.585574 2.003825 7.326848 0.305029 2.014411 9.081620 0.297541 -1.928958 12.263029 0.501363 11.982636 0.215274 -23.529028
7.685253 2.004876 6.372567 0.317009 2.015250 8.265672 0.312136 -2.045045 12.461302 0.333491 12.135345 0.000576 -24.262580
7.785187 2.005682 5.386069 0.327303 2.016053 7.351832 0.325190 -2.130588 12.565782 0.250569 12.203551 -0.119597 -24.638361
7.885367 2.006240 4.384537 0.335866 2.016815 6.362638 0.336560 -2.196326 12.614682 0.219879 12.224003 -0.179458 -24.798264
7.985771 2.006558 3.377280 0.342678 2.017540 5.317586 0.346133 -2.253639 12.647856 0.208516 12.233609 -0.214956 -24.887905
8.086372 2.006654 2.365789 0.347725 2.018233 4.231702 0.353826 -2.313413 12.702610 0.186555 12.265985 -0.259844 -25.041884
8.187138 2.006551 1.344508 0.350991 2.018909 3.114671 0.359569 -2.384925 12.810319 0.129950 12.348655 -0.342162 -25.371186
8.288032 2.006278 0.302099 0.352445 2.019587 1.970537 0.363305 -2.474732 12.992915 0.023713 12.500054 -0.480528 -25.949784
8.389016 2.005868 -0.776881 0.352033 2.020291 0.797991 0.364976 -2.585548 13.259386 -0.135132 12.726497 -0.680716 -26.801731
8.490050 2.005358 -1.909964 0.349673 2.021056 -0.408769 0.364516 -2.715145 13.602486 -0.335352 13.019400 -0.932897 -27.890135
8.591090 2.004790 -3.114320 0.345251 2.021919 -1.658597 0.361847 -2.855442 13.994801 -0.549910 13.352212 -1.209184 -29.106107
8.692089 2.004210 -4.403818 0.338628 2.022929 -2.961399 0.356877 -2.992000 14.386855 -0.736870 13.679386 -1.463546 -30.266657
8.792998 2.003674 -5.785550 0.329645 2.024139 -4.325599 0.349501 -3.104327 14.706324 -0.841945 13.936651 -1.633323 -31.118243
8.893758 2.003244 -7.256012 0.318140 2.025601 -5.755202 0.339611 -3.167290 14.863306 -0.804535 14.046285 -1.645148 -31.359274
8.994310 2.002990 -8.797411 0.303969 2.027359 -7.246692 0.327108 -3.153864 14.761024 -0.565275 13.926376 -1.423924 -30.676599
9.094587 2.002989 -10.374997 0.287035 2.029428 -8.786186 0.311916 -3.039049 14.311205 -0.073937 13.503089 -0.904249 -28.792480
9.194528 2.003319 -11.936528 0.267319 2.031788 -10.347395 0.294010 -2.804387 13.453213 0.703157 12.724902 -0.043267 -25.518225
9.294079 2.004051 -13.414882 0.244910 2.034366 -11.890986 0.273427 -2.442192 12.174114 1.777089 11.576836 1.167554 -20.806307
9.393203 2.005243 -14.734110 0.220028 2.037042 -13.365865 0.250292 -1.958425 10.516386 3.133036 10.085871 2.696304 -14.772917
9.491890 2.006926 -15.818171 0.193032 2.039664 -14.712590 0.224826 -1.373349 8.577927 4.727769 8.321780 4.469973 -7.701966
9.590168 2.009095 -16.600596 0.164411 2.042077 -15.868749 0.197352 -0.719546 6.496181 6.489849 6.387959 6.382058 -0.012232
9.688104 2.011701 -17.033009 0.134754 2.044159 -16.775592 0.168286 -0.037562 4.425445 8.322011 4.407972 8.305176 7.793771
9.785804 2.014653 -17.090964 0.104710 2.045847 -17.384869 0.138119 0.629661 2.505373 10.113633 2.504375 10.112815 15.216700
9.883407 2.017819 -16.776452 0.074936 2.047141 -17.664637 0.107393 1.242667 0.849289 11.745630 0.791140 11.688058 21.793259
9.981070 2.021045 -16.117196 0.046056 2.048090 -17.602927 0.076671 1.769665 -0.471458 13.115162 -0.642717 12.946935 27.176272
10.078949 2.024167 -15.163212 0.018613 2.048761 -17.208727 0.046506 2.189173 -1.424332 14.145881 -1.736337 13.841271 31.147822
10.177181 2.027034 -13.981092 -0.006953 2.049215 -16.510338 0.017413 2.490593 -2.009516 14.795710 -2.459349 14.358286 33.622862
10.275871 2.029520 -12.646624 -0.030325 2.049493 -15.551623 -0.010154 2.673348 -2.250986 15.059592 -2.810541 14.516632 34.637752
10.375081 2.031537 -11.236670 -0.051313 2.049613 -14.387049 -0.035825 2.745130 -2.188355 14.966146 -2.814252 14.359130 34.327883
10.474832 2.033041 -9.821551 -0.069849 2.049576 -13.076389 -0.059319 2.719695 -1.870655 14.569247 -2.515170 13.943665 32.898737
10.575104 2.034023 -8.459257 -0.085971 2.049381 -11.679754 -0.080455 2.614580 -1.351828 13.937346 -1.971975 13.334309 30.595458
10.675847 2.034508 -7.192311 -0.099800 2.049034 -10.253433 -0.099144 2.448941 -0.687509 13.143613 -1.250842 12.594395 27.676359
10.776992 2.034544 -6.047374 -0.111519 2.048553 -8.846780 -0.115386 2.241724 0.068427 12.256917 -0.418311 11.780913 24.387714
10.878462 2.034188 -5.037006 -0.121344 2.047963 -7.500247 -0.129256 2.010256 0.866624 11.336429 0.464326 10.941719 20.947197
10.980182 2.033503 -4.162653 -0.129508 2.047295 -6.244510 -0.140887 1.769327 1.664317 10.429240 1.344816 10.114750 17.534857
11.082081 2.032548 -3.417969 -0.136240 2.046575 -5.100535 -0.150459 1.530740 2.427187 9.569644 2.182504 9.328068 14.288020
11.184100 2.031375 -2.791841 -0.141757 2.045818 -4.080378 -0.158174 1.303256 3.130053 8.780320 2.948858 8.600940 11.302349
11.286191 2.030027 -2.270811 -0.146256 2.045030 -3.188459 -0.164253 1.092814 3.756678 8.074250 3.626664 7.945232 8.636139
11.388316 2.028539 -1.840800 -0.149909 2.044205 -2.423074 -0.168915 0.902939 4.298826 7.456874 4.208306 7.366862 6.316604
11.490446 2.026940 -1.488224 -0.152867 2.043330 -1.777964 -0.172374 0.735216 4.754846 6.928122 4.693652 6.867163 4.346788
11.592560 2.025251 -1.200636 -0.155254 2.042388 -1.243764 -0.174829 0.589766 5.128023 6.484150 5.087857 6.444077 2.712346
11.694641 2.023490 -0.967016 -0.157178 2.041362 -0.809270 -0.176461 0.465680 5.424994 6.118697 5.399421 6.093152 1.387433
11.796676 2.021671 -0.777848 -0.158726 2.040239 -0.462454 -0.177432 0.361384 5.654341 5.824114 5.638581 5.808356 0.339549
11.898657 2.019807 -0.625062 -0.159970 2.039010 -0.191243 -0.177881 0.274928 5.825480 5.592117 5.816113 5.582744 -0.466733
12.000574 2.017909 -0.501906 -0.160968 2.037673 0.015928 -0.177928 0.204203 5.947845 5.414326 5.942507 5.408981 -1.067045
12.102422 2.015986 -0.402787 -0.161769 2.036229 0.169755 -0.177675 0.147094 6.030338 5.282649 6.027448 5.279754 -1.495382
12.204193 2.014049 -0.323110 -0.162411 2.034687 0.279860 -0.177204 0.101584 6.081008 5.189536 6.079544 5.188069 -1.782947
12.305885 2.012105 -0.259119 -0.162926 2.033056 0.354704 -0.176583 0.065817 6.106896 5.128131 6.106219 5.127452 -1.957533
12.407493 2.010162 -0.207763 -0.163338 2.031349 0.401577 -0.175865 0.038131 6.114002 5.092352 6.113728 5.092078 -2.043299
12.509013 2.008229 -0.166568 -0.163669 2.029580 0.426657 -0.175093 0.017065 6.107319 5.076915 6.107230 5.076825 -2.060810
12.610444 2.006311 -0.133535 -0.163933 2.027762 0.435096 -0.174300 0.001364 6.090929 5.077307 6.090906 5.077285 -2.027244
12.711782 2.004417 -0.107054 -0.164145 2.025910 0.431129 -0.173509 -0.010038 6.068101 5.089745 6.068088 5.089732 -1.956711
12.813028 2.002550 -0.085828 -0.164315 2.024035 0.418188 -0.172739 -0.018037 6.041414 5.111110 6.041387 5.111083 -1.860608
12.914180 2.000718 -0.068817 -0.164451 2.022151 0.399017 -0.172002 -0.023372 6.012860 5.138865 6.012813 5.138818 -1.747989
13.015238 1.998924 -0.055182 -0.164560 2.020268 0.375774 -0.171306 -0.026650 5.983947 5.170985 5.983884 5.170921 -1.625925
13.116203 1.997173 -0.044255 -0.164647 2.018395 0.350135 -0.170657 -0.028365 5.955794 5.205879 5.955720 5.205804 -1.499831
13.217074 1.995469 -0.035496 -0.164717 2.016540 0.323376 -0.170056 -0.028911 5.929200 5.242320 5.929121 5.242240 -1.373761
13.317854 1.993816 -0.028475 -0.164773 2.014712 0.296451 -0.169505 -0.028603 5.904716 5.279379 5.904637 5.279300 -1.250673
13.418543 1.992216 -0.022846 -0.164818 2.012916 0.270050 -0.169002 -0.027691 5.882694 5.316372 5.882618 5.316297 -1.132643
13.519144 1.990673 -0.018333 -0.164854 2.011159 0.244664 -0.168547 -0.026367 5.863332 5.352807 5.863263 5.352737 -1.021050
13.619658 1.989189 -0.014714 -0.164883 2.009444 0.220616 -0.168136 -0.024781 5.846716 5.388343 5.846654 5.388281 -0.916746
13.720088 1.987765 -0.011811 -0.164906 2.007777 0.198108 -0.167767 -0.023047 5.832843 5.422762 5.832789 5.422707 -0.820163
13.820435 1.986404 -0.009482 -0.164924 2.006160 0.177248 -0.167437 -0.021249 5.821644 5.455931 5.821598 5.455884 -0.731427
13.920704 1.985106 -0.007614 -0.164939 2.004598 0.158070 -0.167143 -0.019449 5.813008 5.487787 5.812969 5.487748 -0.650442
14.020896 1.983874 -0.006114 -0.164951 2.003091 0.140561 -0.166881 -0.017692 5.806788 5.518313 5.806756 5.518280 -0.576951
14.121014 1.982708 -0.004911 -0.164961 2.001644 0.124668 -0.166649 -0.016009 5.802822 5.547528 5.802795 5.547501 -0.510588
14.221061 1.981609 -0.003945 -0.164969 2.000257 0.110315 -0.166444 -0.014420 5.800932 5.575472 5.800910 5.575450 -0.450919
14.321040 1.980577 -0.003169 -0.164975 1.998933 0.097410 -0.166262 -0.012936 5.800936 5.602200 5.800918 5.602182 -0.397472
14.420955 1.979612 -0.002547 -0.164980 1.997672 0.085850 -0.166103 -0.011564 5.802655 5.627776 5.802640 5.627762 -0.349756
14.520809 1.978714 -0.002047 -0.164984 1.996476 0.075531 -0.165962 -0.010306 5.805908 5.652265 5.805896 5.652253 -0.307286
14.620604 1.977883 -0.001645 -0.164987 1.995345 0.066347 -0.165839 -0.009158 5.810523 5.675732 5.810514 5.675723 -0.269583
14.720344 1.977119 -0.001322 -0.164989 1.994280 0.058196 -0.165731 -0.008118 5.816337 5.698241 5.816330 5.698234 -0.236192
14.820033 1.976420 -0.001063 -0.164992 1.993281 0.050978 -0.165636 -0.007180 5.823193 5.719851 5.823188 5.719846 -0.206685
14.919674 1.975787 -0.000854 -0.164993 1.992348 0.044601 -0.165553 -0.006337 5.830945 5.740615 5.830940 5.740611 -0.180659
15.019269 1.975218 -0.000687 -0.164995 1.991482 0.038977 -0.165480 -0.005583 5.839455 5.760582 5.839451 5.760578 -0.157746
15.118823 1.974711 -0.000552 -0.164996 1.990681 0.034027 -0.165417 -0.004910 5.848594 5.779792 5.848592 5.779789 -0.137606
15.218339 1.974266 -0.000444 -0.164996 1.989945 0.029677 -0.165362 -0.004311 5.858247 5.798283 5.858245 5.798281 -0.119928
15.317819 1.973882 -0.000357 -0.164997 1.989274 0.025860 -0.165314 -0.003780 5.868305 5.816088 5.868304 5.816086 -0.104434
15.417267 1.973556 -0.000287 -0.164998 1.988667 0.022514 -0.165272 -0.003310 5.878668 5.833233 5.878667 5.833232 -0.090870
15.516687 1.973288 -0.000231 -0.164998 1.988123 0.019587 -0.165236 -0.002895 5.889246 5.849741 5.889245 5.849740 -0.079010
15.616081 1.973075 -0.000186 -0.164999 1.987640 0.017027 -0.165204 -0.002530 5.899956 5.865630 5.899955 5.865630 -0.068651
15.715452 1.972915 -0.000150 -0.164999 1.987217 0.014792 -0.165177 -0.002208 5.910723 5.880917 5.910722 5.880917 -0.059611
15.814804 1.972807 -0.000120 -0.164999 1.986853 0.012842 -0.165153 -0.001925 5.921479 5.895614 5.921478 5.895613 -0.051730
15.914139 1.972748 -0.000097 -0.164999 1.986547 0.011142 -0.165132 -0.001677 5.932162 5.909729 5.932162 5.909729 -0.044865
16.013460 1.972737 -0.000078 -0.164999 1.986296 0.009662 -0.165115 -0.001459 5.942718 5.923273 5.942718 5.923272 -0.038890
16.112770 1.972772 -0.000063 -0.165000 1.986099 0.008374 -0.165099 -0.001269 5.953097 5.936250 5.953097 5.936250 -0.033694
16.212071 1.972849 -0.000050 -0.165000 1.985954 0.007254 -0.165086 -0.001103 5.963256 5.948667 5.963256 5.948667 -0.029178
16.311366 1.972968 -0.000041 -0.165000 1.985859 0.006280 -0.165074 -0.000958 5.973156 5.960528 5.973156 5.960528 -0.025255
16.410658 1.973126 -0.000033 -0.165000 1.985813 0.005435 -0.165064 -0.000831 5.982762 5.971836 5.982762 5.971836 -0.021851
16.509949 1.973320 -0.000026 -0.165000 1.985813 0.004702 -0.165055 -0.000721 5.992044 5.982595 5.992044 5.982595 -0.018897
16.609240 1.973549 -0.000021 -0.165000 1.985857 0.004066 -0.165048 -0.000625 6.000977 5.992809 6.000977 5.992809 -0.016337
16.708535 1.973810 -0.000017 -0.165000 1.985942 0.003514 -0.165041 -0.000541 6.009539 6.002480 6.009539 6.002480 -0.014118
16.807835 1.974100 -0.000014 -0.165000 1.986068 0.003036 -0.165035 -0.000469 6.017710 6.011612 6.017710 6.011612 -0.012196
16.907143 1.974418 -0.000011 -0.165000 1.986231 0.002623 -0.165031 -0.000405 6.025475 6.020209 6.025475 6.020209 -0.010532
17.006459 1.974762 -0.000009 -0.165000 1.986430 0.002265 -0.165026 -0.000351 6.032819 6.028273 6.032819 6.028273 -0.009092
17.105787 1.975129 -0.000007 -0.165000 1.986662 0.001955 -0.165023 -0.000303 6.039736 6.035812 6.039736 6.035812 -0.007847
17.205126 1.975516 -0.000006 -0.165000 1.986925 0.001687 -0.165020 -0.000262 6.046217 6.042832 6.046217 6.042832 -0.006770
17.304480 1.975923 -0.000005 -0.165000 1.987216 0.001455 -0.165017 -0.000226 6.052256 6.049337 6.052256 6.049337 -0.005840
17.403849 1.976346 -0.000004 -0.165000 1.987534 0.001255 -0.165015 -0.000195 6.057853 6.055335 6.057853 6.055335 -0.005035
17.503234 1.976784 -0.000003 -0.165000 1.987877 0.001082 -0.165012 -0.000169 6.063004 6.060833 6.063004 6.060833 -0.004341
17.602637 1.977234 -0.000002 -0.165000 1.988242 0.000933 -0.165011 -0.000146 6.067711 6.065840 6.067711 6.065840 -0.003741
17.702059 1.977695 -0.000002 -0.165000 1.988626 0.000804 -0.165009 -0.000126 6.071978 6.070366 6.071978 6.070366 -0.003224
17.801500 1.978165 -0.000002 -0.165000 1.989029 0.000693 -0.165008 -0.000108 6.075808 6.074419 6.075808 6.074419 -0.002777
17.900962 1.978641 -0.000001 -0.165000 1.989448 0.000597 -0.165007 -0.000093 6.079208 6.078011 6.079208 6.078011 -0.002392
18.000445 1.979123 -0.000001 -0.165000 1.989880 0.000514 -0.165006 -0.000080 6.082183 6.081153 6.082183 6.081153 -0.002060
18.099951 1.979608 -0.000001 -0.165000 1.990325 0.000442 -0.165005 -0.000069 6.084744 6.083857 6.084744 6.083857 -0.001774
18.199478 1.980095 -0.000001 -0.165000 1.990779 0.000381 -0.165004 -0.000060 6.086901 6.086137 6.086901 6.086137 -0.001527
18.299029 1.980582 -0.000001 -0.165000 1.991242 0.000328 -0.165004 -0.000051 6.088662 6.088005 6.088662 6.088005 -0.001314
18.398603 1.981067 -0.000000 -0.165000 1.991711 0.000282 -0.165003 -0.000044 6.090039 6.089473 6.090039 6.089473 -0.001131
18.498200 1.981550 -0.000000 -0.165000 1.992184 0.000243 -0.165003 -0.000038 6.091044 6.090558 6.091044 6.090558 -0.000973
18.597821 1.982028 -0.000000 -0.165000 1.992661 0.000209 -0.165002 -0.000033 6.091691 6.091273 6.091691 6.091273 -0.000837
18.697467 1.982501 -0.000000 -0.165000 1.993139 0.000180 -0.165002 -0.000028 6.091994 6.091634 6.091994 6.091634 -0.000720
18.797136 1.982967 -0.000000 -0.165000 1.993616 0.000155 -0.165002 -0.000024 6.091965 6.091655 6.091965 6.091655 -0.000619
18.896828 1.983426 -0.000000 -0.165000 1.994092 0.000133 -0.165002 -0.000021 6.091620 6.091354 6.091620 6.091354 -0.000533
18.996545 1.983875 -0.000000 -0.165000 1.994565 0.000114 -0.165001 -0.000018 6.090973 6.090744 6.090973 6.090744 -0.000458
19.096285 1.984314 -0.000000 -0.165000 1.995033 0.000098 -0.165001 -0.000015 6.090039 6.089843 6.090039 6.089843 -0.000394
19.196048 1.984743 -0.000000 -0.165000 1.995495 0.000085 -0.165001 -0.000013 6.088836 6.088667 6.088836 6.088667 -0.000338
19.295835 1.985159 -0.000000 -0.165000 1.995951 0.000073 -0.165001 -0.000011 6.087377 6.087232 6.087377 6.087232 -0.000291
19.395644 1.985564 -0.000000 -0.165000 1.996399 0.000062 -0.165001 -0.000010 6.085680 6.085554 6.085680 6.085554 -0.000250
19.495475 1.985955 -0.000000 -0.165000 1.996837 0.000054 -0.165001 -0.000008 6.083758 6.083651 6.083758 6.083651 -0.000215
19.595328 1.986332 -0.000000 -0.165000 1.997266 0.000046 -0.165001 -0.000007 6.081629 6.081537 6.081629 6.081537 -0.000185
19.695202 1.986695 -0.000000 -0.165000 1.997684 0.000040 -0.165000 -0.000006 6.079308 6.079228 6.079308 6.079228 -0.000159
19.795096 1.987043 -0.000000 -0.165000 1.998090 0.000034 -0.165000 -0.000005 6.076809 6.076741 6.076809 6.076741 -0.000136
19.895011 1.987376 -0.000000 -0.165000 1.998483 0.000029 -0.165000 -0.000005 6.074152 6.074094 6.074152 6.074094 -0.000117
19.994945 1.987693 -0.000000 -0.165000 1.998864 0.000025 -0.165000 -0.000004 6.071352 6.071301 6.071352 6.071301 -0.000101
20.094898 1.987994 -0.000000 -0.165000 1.999231 0.000022 -0.165000 -0.000003 6.068410 6.068367 6.068410 6.068367 -0.000087
20.194868 1.988279 -0.000000 -0.165000 1.999584 0.000019 -0.165000 -0.000003 6.065354 6.065317 6.065354 6.065317 -0.000074
20.294857 1.988548 -0.000000 -0.165000 1.999922 0.000016 -0.165000 -0.000002 6.062183 6.062151 6.062183 6.062151 -0.000064
20.394862 1.988800 -0.000000 -0.165000 2.000245 0.000014 -0.165000 -0.000002 6.058927 6.058899 6.058927 6.058899 -0.000055
20.494882 1.989036 -0.000000 -0.165000 2.000552 0.000012 -0.165000 -0.000002 6.055624 6.055600 6.055624 6.055600 -0.000047
20.594917 1.989256 -0.000000 -0.165000 2.000844 0.000010 -0.165000 -0.000002 6.052272 6.052252 6.052272 6.052252 -0.000041
20.694967 1.989460 -0.000000 -0.165000 2.001120 0.000009 -0.165000 -0.000001 6.048877 6.048859 6.048877 6.048859 -0.000035
20.795030 1.989647 -0.000000 -0.165000 2.001380 0.000007 -0.165000 -0.000001 6.045448 6.045433 6.045448 6.045433 -0.000030
20.895105 1.989818 -0.000000 -0.165000 2.001624 0.000006 -0.165000 -0.000001 6.041994 6.041981 6.041994 6.041981 -0.000026
20.995192 1.989974 -0.000000 -0.165000 2.001852 0.000006 -0.165000 -0.000001 6.038529 6.038518 6.038529 6.038518 -0.000022
21.095290 1.990113 -0.000000 -0.165000 2.002064 0.000005 -0.165000 -0.000001 6.035076 6.035066 6.035076 6.035066 -0.000019
21.195398 1.990238 -0.000000 -0.165000 2.002260 0.000004 -0.165000 -0.000001 6.031638 6.031629 6.031638 6.031629 -0.000016
21.295516 1.990348 -0.000000 -0.165000 2.002440 0.000004 -0.165000 -0.000001 6.028220 6.028213 6.028220 6.028213 -0.000014
21.395642 1.990442 -0.000000 -0.165000 2.002605 0.000003 -0.165000 -0.000000 6.024832 6.024826 6.024832 6.024826 -0.000012
21.495776 1.990523 -0.000000 -0.165000 2.002754 0.000003 -0.165000 -0.000000 6.021485 6.021480 6.021485 6.021480 -0.000010
21.595917 1.990589 -0.000000 -0.165000 2.002888 0.000002 -0.165000 -0.000000 6.018186 6.018182 6.018186 6.018182 -0.000009
21.696065 1.990642 -0.000000 -0.165000 2.003006 0.000002 -0.165000 -0.000000 6.014944 6.014940 6.014944 6.014940 -0.000008
21.796218 1.990682 -0.000000 -0.165000 2.003110 0.000002 -0.165000 -0.000000 6.011767 6.011764 6.011767 6.011764 -0.000007
21.896375 1.990710 -0.000000 -0.165000 2.003200 0.000001 -0.165000 -0.000000 6.008661 6.008658 6.008661 6.008658 -0.000006
21.996537 1.990725 -0.000000 -0.165000 2.003276 0.000001 -0.165000 -0.000000 6.005630 6.005628 6.005630 6.005628 -0.000005
22.096703 1.990728 -0.000000 -0.165000 2.003338 0.000001 -0.165000 -0.000000 6.002683 6.002681 6.002683 6.002681 -0.000004
22.196871 1.990721 -0.000000 -0.165000 2.003387 0.000001 -0.165000 -0.000000 5.999827 5.999825 5.999827 5.999825 -0.000004
22.297041 1.990703 -0.000000 -0.165000 2.003423 0.000001 -0.165000 -0.000000 5.997067 5.997065 5.997067 5.997065 -0.000003
22.397213 1.990674 -0.000000 -0.165000 2.003447 0.000001 -0.165000 -0.000000 5.994406 5.994405 5.994406 5.994405 -0.000003
22.497386 1.990636 -0.000000 -0.165000 2.003459 0.000001 -0.165000 -0.000000 5.991849 5.991848 5.991849 5.991848 -0.000002
22.597559 1.990590 -0.000000 -0.165000 2.003460 0.000000 -0.165000 -0.000000 5.989398 5.989397 5.989398 5.989397 -0.000002
22.697732 1.990535 -0.000000 -0.165000 2.003450 0.000000 -0.165000 -0.000000 5.987056 5.987055 5.987056 5.987055 -0.000002
22.797904 1.990472 -0.000000 -0.165000 2.003430 0.000000 -0.165000 -0.000000 5.984825 5.984825 5.984825 5.984825 -0.000001
22.898074 1.990401 -0.000000 -0.165000 2.003400 0.000000 -0.165000 -0.000000 5.982708 5.982707 5.982708 5.982707 -0.000001
22.998243 1.990324 -0.000000 -0.165000 2.003361 0.000000 -0.165000 -0.000000 5.980707 5.980706 5.980707 5.980706 -0.000001
23.098410 1.990241 -0.000000 -0.165000 2.003313 0.000000 -0.165000 -0.000000 5.978821 5.978821 5.978821 5.978821 -0.000001
23.198574 1.990152 -0.000000 -0.165000 2.003258 0.000000 -0.165000 -0.000000 5.977052 5.977051 5.977052 5.977051 -0.000001
23.298736 1.990058 -0.000000 -0.165000 2.003194 0.000000 -0.165000 -0.000000 5.975398 5.975398 5.975398 5.975398 -0.000001
23.398894 1.989959 -0.000000 -0.165000 2.003123 0.000000 -0.165000 -0.000000 5.973860 5.973860 5.973860 5.973860 -0.000001
23.499048 1.989856 -0.000000 -0.165000 2.003046 0.000000 -0.165000 -0.000000 5.972439 5.972439 5.972439 5.972439 -0.000001
23.599198 1.989750 -0.000000 -0.165000 2.002963 0.000000 -0.165000 -0.000000 5.971133 5.971132 5.971133 5.971132 -0.000000
23.699344 1.989640 -0.000000 -0.165000 2.002875 0.000000 -0.165000 -0.000000 5.969940 5.969940 5.969940 5.969940 -0.000000
23.799485 1.989528 -0.000000 -0.165000 2.002781 0.000000 -0.165000 -0.000000 5.968860 5.968860 5.968860 5.968860 -0.000000
23.899622 1.989414 -0.000000 -0.165000 2.002684 0.000000 -0.165000 -0.000000 5.967892 5.967891 5.967892 5.967891 -0.000000
23.999754 1.989298 -0.000000 -0.165000 2.002582 0.000000 -0.165000 -0.000000 5.967033 5.967033 5.967033 5.967033 -0.000000
24.099880 1.989180 -0.000000 -0.165000 2.002477 0.000000 -0.165000 -0.000000 5.966279 5.966279 5.966279 5.966279 -0.000000
24.200001 1.989062 -0.000000 -0.165000 2.002368 0.000000 -0.165000 -0.000000 5.965628 5.965628 5.965628 5.965628 -0.000000
24.300117 1.988944 -0.000000 -0.165000 2.002258 0.000000 -0.165000 -0.000000 5.965080 5.965079 5.965080 5.965079 -0.000000
24.400227 1.988825 -0.000000 -0.165000 2.002145 0.000000 -0.165000 -0.000000 5.964631 5.964631 5.964631 5.964631 -0.000000
24.500331 1.988707 -0.000000 -0.165000 2.002031 0.000000 -0.165000 -0.000000 5.964277 5.964277 5.964277 5.964277 -0.000000
24.600430 1.988589 -0.000000 -0.165000 2.001916 0.000000 -0.165000 -0.000000 5.964015 5.964015 5.964015 5.964015 -0.000000
24.700522 1.988472 -0.000000 -0.165000 2.001800 0.000000 -0.165000 -0.000000 5.963842 5.963842 5.963842 5.963842 -0.000000
24.800609 1.988357 -0.000000 -0.165000 2.001683 0.000000 -0.165000 -0.000000 5.963755 5.963755 5.963755 5.963755 -0.000000
24.900691 1.988243 -0.000000 -0.165000 2.001567 0.000000 -0.165000 -0.000000 5.963750 5.963750 5.963750 5.963750 -0.000000
25.000766 1.988131 -0.000000 -0.165000 2.001451 0.000000 -0.165000 -0.000000 5.963822 5.963822 5.963822 5.963822 -0.000000
25.100835 1.988022 -0.000000 -0.165000 2.001335 0.000000 -0.165000 -0.000000 5.963971 5.963971 5.963971 5.963971 -0.000000
25.200899 1.987914 -0.000000 -0.165000 2.001221 0.000000 -0.165000 -0.000000 5.964191 5.964191 5.964191 5.964191 -0.000000
25.300957 1.987810 -0.000000 -0.165000 2.001108 0.000000 -0.165000 -0.000000 5.964478 5.964478 5.964478 5.964478 -0.000000
25.401010 1.987708 -0.000000 -0.165000 2.000997 0.000000 -0.165000 -0.000000 5.964827 5.964827 5.964827 5.964827 -0.000000
25.501057 1.987609 -0.000000 -0.165000 2.000888 0.000000 -0.165000 -0.000000 5.965235 5.965235 5.965235 5.965235 -0.000000
25.601098 1.987514 -0.000000 -0.165000 2.000781 0.000000 -0.165000 -0.000000 5.965698 5.965698 5.965698 5.965698 -0.000000
25.701135 1.987422 -0.000000 -0.165000 2.000676 0.000000 -0.165000 -0.000000 5.966213 5.966213 5.966213 5.966213 -0.000000
25.801166 1.987333 -0.000000 -0.165000 2.000574 0.000000 -0.165000 -0.000000 5.966773 5.966773 5.966773 5.966773 -0.000000
25.901192 1.987248 -0.000000 -0.165000 2.000475 0.000000 -0.165000 -0.000000 5.967376 5.967376 5.967376 5.967376 -0.000000
26.001213 1.987166 -0.000000 -0.165000 2.000379 0.000000 -0.165000 -0.000000 5.968024 5.968024 5.968024 5.968024 -0.000000
26.101229 1.987089 -0.000000 -0.165000 2.000286 0.000000 -0.165000 -0.000000 5.968713 5.968713 5.968713 5.968713 -0.000000
26.201241 1.987015 -0.000000 -0.165000 2.000196 0.000000 -0.165000 -0.000000 5.969427 5.969427 5.969427 5.969427 -0.000000
26.301248 1.986946 -0.000000 -0.165000 2.000110 0.000000 -0.165000 -0.000000 5.970171 5.970171 5.970171 5.970171 -0.000000
26.401251 1.986880 -0.000000 -0.165000 2.000028 0.000000 -0.165000 -0.000000 5.970944 5.970944 5.970944 5.970944 -0.000000
26.501250 1.986819 -0.000000 -0.165000 1.999949 0.000000 -0.165000 -0.000000 5.971738 5.971738 5.971738 5.971738 -0.000000
26.601246 1.986761 -0.000000 -0.165000 1.999874 0.000000 -0.165000 -0.000000 5.972548 5.972548 5.972548 5.972548 -0.000000
26.701237 1.986707 -0.000000 -0.165000 1.999802 0.000000 -0.165000 -0.000000 5.973368 5.973368 5.973368 5.973368 -0.000000
26.801226 1.986658 -0.000000 -0.165000 1.999735 0.000000 -0.165000 -0.000000 5.974196 5.974196 5.974196 5.974196 -0.000000
26.901210 1.986612 -0.000000 -0.165000 1.999672 0.000000 -0.165000 -0.000000 5.975029 5.975029 5.975029 5.975029 -0.000000
27.001192 1.986570 -0.000000 -0.165000 1.999612 0.000000 -0.165000 -0.000000 5.975867 5.975867 5.975867 5.975867 -0.000000
27.101171 1.986532 -0.000000 -0.165000 1.999556 0.000000 -0.165000 -0.000000 5.976708 5.976708 5.976708 5.976708 -0.000000
27.201148 1.986497 -0.000000 -0.165000 1.999504 0.000000 -0.165000 -0.000000 5.977547 5.977547 5.977547 5.977547 -0.000000
27.301122 1.986467 -0.000000 -0.165000 1.999456 0.000000 -0.165000 -0.000000 5.978383 5.978383 5.978383 5.978383 -0.000000
27.401093 1.986440 -0.000000 -0.165000 1.999412 0.000000 -0.165000 -0.000000 5.979212 5.979212 5.979212 5.979212 -0.000000
27.501063 1.986417 -0.000000 -0.165000 1.999372 0.000000 -0.165000 -0.000000 5.980036 5.980036 5.980036 5.980036 -0.000000
27.601030 1.986397 -0.000000 -0.165000 1.999336 0.000000 -0.165000 -0.000000 5.980850 5.980850 5.980850 5.980850 -0.000000
27.700996 1.986380 -0.000000 -0.165000 1.999303 0.000000 -0.165000 -0.000000 5.981652 5.981652 5.981652 5.981652 -0.000000
27.800961 1.986367 -0.000000 -0.165000 1.999274 0.000000 -0.165000 -0.000000 5.982439 5.982439 5.982439 5.982439 -0.000000
27.900924 1.986357 -0.000000 -0.165000 1.999248 0.000000 -0.165000 -0.000000 5.983211 5.983211 5.983211 5.983211 -0.000000
28.000885 1.986350 -0.000000 -0.165000 1.999226 0.000000 -0.165000 -0.000000 5.983965 5.983965 5.983965 5.983965 -0.000000
28.100846 1.986346 -0.000000 -0.165000 1.999207 0.000000 -0.165000 -0.000000 5.984701 5.984701 5.984701 5.984701 -0.000000
28.200806 1.986345 -0.000000 -0.165000 1.999192 0.000000 -0.165000 -0.000000 5.985416 5.985416 5.985416 5.985416 -0.000000
28.300765 1.986347 -0.000000 -0.165000 1.999180 0.000000 -0.165000 -0.000000 5.986109 5.986109 5.986109 5.986109 -0.000000
28.400724 1.986351 -0.000000 -0.165000 1.999170 0.000000 -0.165000 -0.000000 5.986780 5.986780 5.986780 5.986780 -0.000000
28.500682 1.986357 -0.000000 -0.165000 1.999164 0.000000 -0.165000 -0.000000 5.987426 5.987426 5.987426 5.987426 -0.000000
28.600641 1.986366 -0.000000 -0.165000 1.999161 0.000000 -0.165000 -0.000000 5.988048 5.988048 5.988048 5.988048 -0.000000
28.700599 1.986377 -0.000000 -0.165000 1.999160 0.000000 -0.165000 -0.000000 5.988645 5.988645 5.988645 5.988645 -0.000000
28.800557 1.986390 -0.000000 -0.165000 1.999163 0.000000 -0.165000 -0.000000 5.989215 5.989215 5.989215 5.989215 -0.000000
28.900515 1.986405 -0.000000 -0.165000 1.999167 0.000000 -0.165000 -0.000000 5.989758 5.989758 5.989758 5.989758 -0.000000
29.000473 1.986422 -0.000000 -0.165000 1.999174 0.000000 -0.165000 -0.000000 5.990274 5.990274 5.990274 5.990274 -0.000000
29.100432 1.986441 -0.000000 -0.165000 1.999183 0.000000 -0.165000 -0.000000 5.990762 5.990762 5.990762 5.990762 -0.000000
29.200392 1.986461 -0.000000 -0.165000 1.999195 0.000000 -0.165000 -0.000000 5.991222 5.991222 5.991222 5.991222 -0.000000
29.300352 1.986482 -0.000000 -0.165000 1.999208 0.000000 -0.165000 -0.000000 5.991654 5.991654 5.991654 5.991654 -0.000000
29.400313 1.986505 -0.000000 -0.165000 1.999223 0.000000 -0.165000 -0.000000 5.992058 5.992058 5.992058 5.992058 -0.000000
29.500274 1.986529 -0.000000 -0.165000 1.999240 0.000000 -0.165000 -0.000000 5.992433 5.992433 5.992433 5.992433 -0.000000
29.600237 1.986553 -0.000000 -0.165000 1.999259 0.000000 -0.165000 -0.000000 5.992780 5.992780 5.992780 5.992780 -0.000000
29.700200 1.986579 -0.000000 -0.165000 1.999279 0.000000 -0.165000 -0.000000 5.993100 5.993100 5.993100 5.993100 -0.000000
29.800165 1.986605 -0.000000 -0.165000 1.999300 0.000000 -0.165000 -0.000000 5.993392 5.993392 5.993392 5.993392 -0.000000
29.900130 1.986633 -0.000000 -0.165000 1.999322 0.000000 -0.165000 -0.000000 5.993656 5.993656 5.993656 5.993656 -0.000000
30.000097 1.986660 -0.000000 -0.165000 1.999346 0.000000 -0.165000 -0.000000 5.993894 5.993894 5.993894 5.993894 -0.000000
30.100065 1.986688 -0.000000 -0.165000 1.999370 0.000000 -0.165000 -0.000000 5.994105 5.994105 5.994105 5.994105 -0.000000
30.200034 1.986717 -0.000000 -0.165000 1.999396 0.000000 -0.165000 -0.000000 5.994290 5.994290 5.994290 5.994290 -0.000000
30.300005 1.986745 -0.000000 -0.165000 1.999422 0.000000 -0.165000 -0.000000 5.994450 5.994450 5.994450 5.994450 -0.000000
30.399977 1.986774 -0.000000 -0.165000 1.999449 0.000000 -0.165000 -0.000000 5.994585 5.994585 5.994585 5.994585 -0.000000
30.499950 1.986803 -0.000000 -0.165000 1.999476 0.000000 -0.165000 -0.000000 5.994696 5.994696 5.994696 5.994696 -0.000000
30.599925 1.986831 -0.000000 -0.165000 1.999503 0.000000 -0.165000 -0.000000 5.994784 5.994784 5.994784 5.994784 -0.000000
30.699900 1.986860 -0.000000 -0.165000 1.999531 0.000000 -0.165000 -0.000000 5.994849 5.994849 5.994849 5.994849 -0.000000
30.799878 1.986888 -0.000000 -0.165000 1.999559 0.000000 -0.165000 -0.000000 5.994893 5.994893 5.994893 5.994893 -0.000000
30.899857 1.986916 -0.000000 -0.165000 1.999588 0.000000 -0.165000 -0.000000 5.994916 5.994916 5.994916 5.994916 -0.000000
30.999837 1.986944 -0.000000 -0.165000 1.999616 0.000000 -0.165000 -0.000000 5.994919 5.994919 5.994919 5.994919 -0.000000
31.099818 1.986971 -0.000000 -0.165000 1.999644 0.000000 -0.165000 -0.000000 5.994903 5.994903 5.994903 5.994903 -0.000000
31.199801 1.986997 -0.000000 -0.165000 1.999672 0.000000 -0.165000 -0.000000 5.994869 5.994869 5.994869 5.994869 -0.000000
31.299786 1.987023 -0.000000 -0.165000 1.999699 0.000000 -0.165000 -0.000000 5.994817 5.994817 5.994817 5.994817 -0.000000
31.399771 1.987049 -0.000000 -0.165000 1.999727 0.000000 -0.165000 -0.000000 5.994750 5.994750 5.994750 5.994750 -0.000000
31.499758 1.987073 0.000000 -0.165000 1.999754 0.000000 -0.165000 -0.000000 5.994667 5.994667 5.994667 5.994667 -0.000000
31.599747 1.987097 0.000000 -0.165000 1.999780 0.000000 -0.165000 -0.000000 5.994570 5.994570 5.994570 5.994570 -0.000000
31.699737 1.987121 0.000000 -0.165000 1.999806 0.000000 -0.165000 -0.000000 5.994460 5.994460 5.994460 5.994460 -0.000000
31.799728 1.987143 0.000000 -0.165000 1.999832 0.000000 -0.165000 -0.000000 5.994339 5.994339 5.994339 5.994339 -0.000000
31.899720 1.987164 0.000000 -0.165000 1.999856 0.000000 -0.165000 -0.000000 5.994203 5.994203 5.994203 5.994203 -0.000000
31.999713 1.987185 0.000000 -0.165000 1.999880 0.000000 -0.165000 -0.000000 5.994057 5.994057 5.994057 5.994057 -0.000000
32.099708 1.987205 0.000000 -0.165000 1.999904 0.000000 -0.165000 -0.000000 5.993902 5.993902 5.993902 5.993902 -0.000000
32.199704 1.987224 0.000000 -0.165000 1.999926 0.000000 -0.165000 -0.000000 5.993738 5.993738 5.993738 5.993738 -0.000000
32.299701 1.987242 0.000000 -0.165000 1.999948 0.000000 -0.165000 -0.000000 5.993567 5.993567 5.993567 5.993567 -0.000000
32.399699 1.987259 0.000000 -0.165000 1.999969 0.000000 -0.165000 -0.000000 5.993386 5.993386 5.993386 5.993386 -0.000000
32.499698 1.987275 0.000000 -0.165000 1.999989 0.000000 -0.165000 -0.000000 5.993198 5.993198 5.993198 5.993198 -0.000000
32.599698 1.987290 0.000000 -0.165000 2.000008 0.000000 -0.165000 -0.000000 5.993003 5.993003 5.993003 5.993003 -0.000000
32.699699 1.987304 0.000000 -0.165000 2.000027 0.000000 -0.165000 -0.000000 5.992810 5.992810 5.992810 5.992810 -0.000000
32.799701 1.987317 0.000000 -0.165000 2.000044 0.000000 -0.165000 -0.000000 5.992613 5.992613 5.992613 5.992613 -0.000000
32.899704 1.987329 0.000000 -0.165000 2.000060 0.000000 -0.165000 -0.000000 5.992411 5.992411 5.992411 5.992411 -0.000000
32.999707 1.987340 0.000000 -0.165000 2.000076 0.000000 -0.165000 -0.000000 5.992210 5.992210 5.992210 5.992210 -0.000000
33.099712 1.987350 0.000000 -0.165000 2.000090 0.000000 -0.165000 -0.000000 5.992010 5.992010 5.992010 5.992010 -0.000000
33.199717 1.987360 0.000000 -0.165000 2.000104 0.000000 -0.165000 -0.000000 5.991810 5.991810 5.991810 5.991810 -0.000000
33.299722 1.987368 0.000000 -0.165000 2.000117 0.000000 -0.165000 -0.000000 5.991610 5.991610 5.991610 5.991610 -0.000000
33.399728 1.987376 0.000000 -0.165000 2.000128 0.000000 -0.165000 -0.000000 5.991407 5.991407 5.991407 5.991407 -0.000000
33.499735 1.987382 0.000000 -0.165000 2.000139 0.000000 -0.165000 -0.000000 5.991206 5.991206 5.991206 5.991206 -0.000000
33.599742 1.987388 0.000000 -0.165000 2.000149 0.000000 -0.165000 -0.000000 5.991008 5.991008 5.991008 5.991008 -0.000000
33.699750 1.987393 0.000000 -0.165000 2.000158 -0.000000 -0.165000 -0.000000 5.990814 5.990814 5.990814 5.990814 0.000000
33.799758 1.987397 0.000000 -0.165000 2.000166 -0.000000 -0.165000 -0.000000 5.990622 5.990622 5.990622 5.990622 0.000000
33.899767 1.987401 0.000000 -0.165000 2.000173 -0.000000 -0.165000 -0.000000 5.990431 5.990431 5.990431 5.990431 0.000000
33.999775 1.987403 0.000000 -0.165000 2.000180 -0.000000 -0.165000 -0.000000 5.990243 5.990243 5.990243 5.990243 0.000000
34.099785 1.987405 0.000000 -0.165000 2.000185 -0.000000 -0.165000 -0.000000 5.990061 5.990061 5.990061 5.990061 0.000000
34.199794 1.987406 0.000000 -0.165000 2.000190 -0.000000 -0.165000 -0.000000 5.989882 5.989882 5.989882 5.989882 0.000000
34.299804 1.987407 0.000000 -0.165000 2.000194 -0.000000 -0.165000 -0.000000 5.989709 5.989709 5.989709 5.989709 0.000000
34.399813 1.987406 0.000000 -0.165000 2.000197 -0.000000 -0.165000 0.000000 5.989541 5.989541 5.989541 5.989541 0.000000
34.499823 1.987405 0.000000 -0.165000 2.000199 -0.000000 -0.165000 0.000000 5.989379 5.989379 5.989379 5.989379 0.000000
34.599833 1.987404 0.000000 -0.165000 2.000201 -0.000000 -0.165000 0.000000 5.989222 5.989222 5.989222 5.989222 0.000000
34.699843 1.987402 0.000000 -0.165000 2.000202 -0.000000 -0.165000 0.000000 5.989071 5.989071 5.989071 5.989071 0.000000
34.799853 1.987399 0.000000 -0.165000 2.000202 -0.000000 -0.165000 0.000000 5.988927 5.988927 5.988927 5.988927 0.000000
34.899864 1.987396 0.000000 -0.165000 2.000202 -0.000000 -0.165000 0.000000 5.988789 5.988789 5.988789 5.988789 0.000000
34.999874 1.987393 0.000000 -0.165000 2.000201 -0.000000 -0.165000 0.000000 5.988656 5.988656 5.988656 5.988656 0.000000
35.099884 1.987389 0.000000 -0.165000 2.000199 -0.000000 -0.165000 0.000000 5.988530 5.988530 5.988530 5.988530 0.000000
35.199893 1.987385 0.000000 -0.165000 2.000197 -0.000000 -0.165000 0.000000 5.988411 5.988411 5.988411 5.988411 0.000000
35.299903 1.987380 0.000000 -0.165000 2.000194 -0.000000 -0.165000 0.000000 5.988299 5.988299 5.988299 5.988299 0.000000
35.399913 1.987375 0.000000 -0.165000 2.000191 -0.000000 -0.165000 0.000000 5.988195 5.988195 5.988195 5.988195 0.000000
35.499922 1.987369 0.000000 -0.165000 2.000188 -0.000000 -0.165000 0.000000 5.988097 5.988097 5.988097 5.988097 -0.000000
35.599932 1.987364 0.000000 -0.165000 2.000184 -0.000000 -0.165000 0.000000 5.988005 5.988005 5.988005 5.988005 0.000000
35.699941 1.987358 0.000000 -0.165000 2.000179 -0.000000 -0.165000 0.000000 5.987921 5.987921 5.987921 5.987921 0.000000
35.799949 1.987352 0.000000 -0.165000 2.000175 -0.000000 -0.165000 0.000000 5.987844 5.987844 5.987844 5.987844 -0.000000
35.899958 1.987345 0.000000 -0.165000 2.000170 -0.000000 -0.165000 0.000000 5.987773 5.987773 5.987773 5.987773 -0.000000
35.999966 1.987339 0.000000 -0.165000 2.000164 -0.000000 -0.165000 0.000000 5.987707 5.987707 5.987707 5.987707 -0.000000
36.099974 1.987332 0.000000 -0.165000 2.000159 -0.000000 -0.165000 0.000000 5.987649 5.987649 5.987649 5.987649 -0.000000
36.199982 1.987326 0.000000 -0.165000 2.000153 -0.000000 -0.165000 0.000000 5.987596 5.987596 5.987596 5.987596 -0.000000
36.299990 1.987319 0.000000 -0.165000 2.000147 -0.000000 -0.165000 0.000000 5.987550 5.987550 5.987550 5.987550 0.000000
36.399997 1.987312 0.000000 -0.165000 2.000141 0.000000 -0.165000 0.000000 5.987511 5.987511 5.987511 5.987511 0.000000
36.500004 1.987305 0.000000 -0.165000 2.000134 0.000000 -0.165000 0.000000 5.987477 5.987477 5.987477 5.987477 -0.000000
36.600010 1.987298 0.000000 -0.165000 2.000128 0.000000 -0.165000 -0.000000 5.987449 5.987449 5.987449 5.987449 -0.000000
36.700016 1.987291 0.000000 -0.165000 2.000121 0.000000 -0.165000 0.000000 5.987427 5.987427 5.987427 5.987427 0.000000
36.800022 1.987284 0.000000 -0.165000 2.000114 0.000000 -0.165000 0.000000 5.987410 5.987410 5.987410 5.987410 -0.000000
36.900028 1.987278 0.000000 -0.165000 2.000108 0.000000 -0.165000 0.000000 5.987398 5.987398 5.987398 5.987398 0.000000
37.000033 1.987271 0.000000 -0.165000 2.000101 0.000000 -0.165000 0.000000 5.987391 5.987391 5.987391 5.987391 -0.000000
37.100038 1.987264 0.000000 -0.165000 2.000094 0.000000 -0.165000 0.000000 5.987390 5.987390 5.987390 5.987390 -0.000000
37.200042 1.987258 0.000000 -0.165000 2.000087 0.000000 -0.165000 0.000000 5.987393 5.987393 5.987393 5.987393 -0.000000
37.300046 1.987251 0.000000 -0.165000 2.000081 0.000000 -0.165000 0.000000 5.987400 5.987400 5.987400 5.987400 -0.000000
37.400050 1.987245 0.000000 -0.165000 2.000074 0.000000 -0.165000 0.000000 5.987412 5.987412 5.987412 5.987412 -0.000000
37.500054 1.987239 0.000000 -0.165000 2.000067 0.000000 -0.165000 0.000000 5.987428 5.987428 5.987428 5.987428 -0.000000
37.600057 1.987233 0.000000 -0.165000 2.000061 0.000000 -0.165000 0.000000 5.987448 5.987448 5.987448 5.987448 -0.000000
37.700060 1.987227 0.000000 -0.165000 2.000055 0.000000 -0.165000 0.000000 5.987471 5.987471 5.987471 5.987471 0.000000
37.800062 1.987222 0.000000 -0.165000 2.000048 0.000000 -0.165000 0.000000 5.987497 5.987497 5.987497 5.987497 -0.000000
37.900064 1.987216 0.000000 -0.165000 2.000042 0.000000 -0.165000 0.000000 5.987526 5.987526 5.987526 5.987526 -0.000000
38.000066 1.987211 0.000000 -0.165000 2.000036 0.000000 -0.165000 -0.000000 5.987558 5.987558 5.987558 5.987558 -0.000000
38.100068 1.987206 0.000000 -0.165000 2.000030 0.000000 -0.165000 -0.000000 5.987592 5.987592 5.987592 5.987592 -0.000000
38.200069 1.987201 0.000000 -0.165000 2.000025 0.000000 -0.165000 0.000000 5.987629 5.987629 5.987629 5.987629 -0.000000
38.300070 1.987197 0.000000 -0.165000 2.000019 0.000000 -0.165000 0.000000 5.987668 5.987668 5.987668 5.987668 -0.000000
38.400071 1.987192 0.000000 -0.165000 2.000014 0.000000 -0.165000 0.000000 5.987709 5.987709 5.987709 5.987709 -0.000000
38.500072 1.987188 0.000000 -0.165000 2.000009 0.000000 -0.165000 0.000000 5.987751 5.987751 5.987751 5.987751 -0.000000
38.600072 1.987184 0.000000 -0.165000 2.000004 0.000000 -0.165000 0.000000 5.987795 5.987795 5.987795 5.987795 0.000000
38.700072 1.987181 0.000000 -0.165000 2.000000 0.000000 -0.165000 0.000000 5.987840 5.987840 5.987840 5.987840 -0.000000
38.800072 1.987177 0.000000 -0.165000 1.999995 0.000000 -0.165000 0.000000 5.987886 5.987886 5.987886 5.987886 0.000000
38.900072 1.987174 0.000000 -0.165000 1.999991 0.000000 -0.165000 0.000000 5.987933 5.987933 5.987933 5.987933 -0.000000
39.000071 1.987171 0.000000 -0.165000 1.999987 0.000000 -0.165000 0.000000 5.987980 5.987980 5.987980 5.987980 0.000000
39.100070 1.987168 0.000000 -0.165000 1.999983 0.000000 -0.165000 0.000000 5.988028 5.988028 5.988028 5.988028 -0.000000
39.200069 1.987166 0.000000 -0.165000 1.999980 0.000000 -0.165000 0.000000 5.988077 5.988077 5.988077 5.988077 -0.000000
39.300068 1.987164 0.000000 -0.165000 1.999976 0.000000 -0.165000 0.000000 5.988125 5.988125 5.988125 5.988125 -0.000000
39.400067 1.987162 0.000000 -0.165000 1.999973 0.000000 -0.165000 0.000000 5.988174 5.988174 5.988174 5.988174 -0.000000
39.500065 1.987160 0.000000 -0.165000 1.999970 0.000000 -0.165000 0.000000 5.988222 5.988222 5.988222 5.988222 -0.000000
39.600064 1.987158 0.000000 -0.165000 1.999968 0.000000 -0.165000 0.000000 5.988270 5.988270 5.988270 5.988270 0.000000
39.700062 1.987157 0.000000 -0.165000 1.999965 0.000000 -0.165000 0.000000 5.988318 5.988318 5.988318 5.988318 -0.000000
39.800060 1.987155 0.000000 -0.165000 1.999963 0.000000 -0.165000 0.000000 5.988365 5.988365 5.988365 5.988365 0.000000
39.900058 1.987154 0.000000 -0.165000 1.999961 0.000000 -0.165000 0.000000 5.988411 5.988411 5.988411 5.988411 -0.000000
40.000056 1.987153 0.000000 -0.165000 1.999959 0.000000 -0.165000 0.000000 5.988457 5.988457 5.988457 5.988457 0.000000
