dist vxRef thetaRef YRef vx theta Y steer Tfl Tfr Trl Trrr dT
0.000000 2.000000 -0.000000 0.100000 2.000000 0.000000 0.100000 -0.000000 5.195545 5.195544 5.195545 5.195544 -0.000001
0.099433 2.000576 -0.000000 0.100000 1.976133 0.000000 0.100000 -0.000001 7.116116 7.116115 7.116116 7.116115 -0.000001
0.197612 2.002465 -0.000001 0.100000 1.951075 0.000000 0.100000 -0.000001 8.278102 8.278101 8.278102 8.278101 -0.000002
0.295037 2.005224 -0.000001 0.100000 1.946925 -0.000000 0.100000 -0.000002 9.007905 9.007903 9.007905 9.007903 -0.000003
0.392308 2.008268 -0.000001 0.100000 1.943941 -0.000000 0.100000 -0.000002 9.366219 9.366217 9.366219 9.366217 -0.000004
0.489724 2.011304 -0.000002 0.100000 1.953272 -0.000000 0.100000 -0.000003 9.487049 9.487046 9.487049 9.487046 -0.000006
0.587636 2.013960 -0.000003 0.100000 1.963215 -0.000001 0.100000 -0.000004 9.384264 9.384260 9.384264 9.384260 -0.000008
0.686147 2.016107 -0.000004 0.100000 1.977425 -0.000001 0.100000 -0.000006 9.160070 9.160064 9.160070 9.160064 -0.000013
0.785378 2.017591 -0.000006 0.100000 1.991781 -0.000002 0.100000 -0.000010 8.834617 8.834607 8.834617 8.834607 -0.000019
0.885326 2.018379 -0.000009 0.100000 2.006113 -0.000003 0.100000 -0.000015 8.463291 8.463277 8.463291 8.463277 -0.000028
0.985988 2.018437 -0.000014 0.100000 2.020353 -0.000005 0.100000 -0.000022 8.063116 8.063095 8.063116 8.063095 -0.000042
1.087308 2.017787 -0.000020 0.100000 2.032312 -0.000008 0.100000 -0.000034 7.660190 7.660158 7.660190 7.660158 -0.000064
1.189217 2.016467 -0.000031 0.100000 2.044065 -0.000011 0.100000 -0.000052 7.270213 7.270164 7.270213 7.270164 -0.000097
1.291640 2.014524 -0.000046 0.100000 2.052674 -0.000017 0.100000 -0.000078 6.899935 6.899862 6.899935 6.899862 -0.000148
1.394483 2.012030 -0.000070 0.100000 2.061047 -0.000025 0.100000 -0.000120 6.562797 6.562685 6.562797 6.562685 -0.000224
1.497669 2.009041 -0.000106 0.100000 2.066213 -0.000039 0.100000 -0.000180 6.254688 6.254518 6.254688 6.254518 -0.000339
1.601104 2.005638 -0.000161 0.099999 2.071161 -0.000057 0.100000 -0.000278 5.986425 5.986167 5.986425 5.986167 -0.000515
1.704718 2.001879 -0.000243 0.099999 2.073265 -0.000089 0.099999 -0.000416 5.748784 5.748395 5.748784 5.748395 -0.000780
1.808429 1.997839 -0.000369 0.099999 2.075190 -0.000132 0.099999 -0.000639 5.549887 5.549296 5.549887 5.549296 -0.001182
1.912182 1.993571 -0.000558 0.099998 2.074812 -0.000204 0.099999 -0.000954 5.379057 5.378164 5.379057 5.378164 -0.001788
2.015910 1.989141 -0.000845 0.099997 2.074301 -0.000305 0.099998 -0.001463 5.241979 5.240625 5.241979 5.240625 -0.002707
2.119571 1.984592 -0.001278 0.099995 2.072059 -0.000472 0.099997 -0.002181 5.128603 5.126559 5.128602 5.126559 -0.004088
2.223116 1.979979 -0.001932 0.099993 2.069729 -0.000703 0.099996 -0.003335 5.042629 5.039539 5.042629 5.039539 -0.006179
2.326516 1.975338 -0.002919 0.099990 2.066190 -0.001085 0.099994 -0.004960 4.975636 4.970979 4.975636 4.970979 -0.009314
2.429735 1.970712 -0.004406 0.099984 2.062602 -0.001614 0.099991 -0.007568 4.929871 4.922847 4.929871 4.922846 -0.014048
2.532757 1.966126 -0.006644 0.099977 2.058243 -0.002483 0.099986 -0.011230 4.898898 4.888333 4.898897 4.888332 -0.021130
2.635560 1.961615 -0.010008 0.099965 2.053866 -0.003686 0.099978 -0.017088 4.884049 4.868150 4.884047 4.868148 -0.031798
2.738133 1.957198 -0.015061 0.099947 2.049062 -0.005658 0.099967 -0.025296 4.880918 4.857062 4.880914 4.857057 -0.047713
2.840466 1.952899 -0.022640 0.099920 2.044263 -0.008381 0.099951 -0.038386 4.890499 4.854690 4.890488 4.854680 -0.071617
2.942556 1.948733 -0.033996 0.099880 2.039297 -0.012830 0.099926 -0.056671 4.910419 4.856836 4.910396 4.856812 -0.107167
3.044397 1.944717 -0.050987 0.099820 2.034352 -0.018959 0.099889 -0.085725 4.942067 4.861887 4.942014 4.861835 -0.160359
3.145991 1.940862 -0.076378 0.099729 2.029426 -0.028944 0.099832 -0.126127 4.985366 4.865811 4.985250 4.865694 -0.239112
3.247340 1.937179 -0.114259 0.099595 2.024532 -0.042673 0.099750 -0.189981 5.043281 4.865149 5.043022 4.864890 -0.356264
3.348447 1.933676 -0.170676 0.099394 2.019787 -0.064959 0.099622 -0.278078 5.118915 4.854716 5.118346 4.854147 -0.528398
3.449319 1.930360 -0.254502 0.099094 2.015080 -0.095536 0.099439 -0.416020 5.219037 4.828124 5.217783 4.826867 -0.781828
3.549960 1.927235 -0.378715 0.098648 2.010608 -0.144944 0.099154 -0.603412 5.351782 4.777385 5.349079 4.774671 -1.148805
3.650379 1.924307 -0.562036 0.097987 2.006180 -0.212545 0.098748 -0.891528 5.531934 4.692880 5.526101 4.687011 -1.678144
3.750582 1.921579 -0.831210 0.097006 2.002032 -0.320994 0.098119 -1.270450 5.774566 4.563595 5.762362 4.551279 -2.422054
3.850577 1.919054 -1.223436 0.095559 1.997943 -0.468777 0.097229 -1.831578 6.108472 4.383359 6.083222 4.357782 -3.450554
3.950369 1.916738 -1.788934 0.093434 1.994113 -0.702749 0.095859 -2.519941 6.548210 4.144684 6.498377 4.093906 -4.807998
4.049964 1.914634 -2.591599 0.090331 1.990404 -1.019327 0.093931 -3.463024 7.133346 3.871503 7.038270 3.773959 -6.526154
4.149349 1.912765 -3.705087 0.085843 1.986755 -1.507766 0.091015 -4.456833 7.822145 3.568866 7.653943 3.394583 -8.512640
4.248524 1.911142 -5.199852 0.079436 1.983463 -2.159589 0.086955 -5.614515 8.613466 3.322126 8.335912 3.031671 -10.595581
4.347421 1.909845 -7.109592 0.070461 1.979571 -3.116170 0.081012 -6.440291 9.277692 3.113284 8.869176 2.680523 -12.353061
4.446008 1.908921 -9.389164 0.058192 1.976762 -4.357701 0.072907 -7.016341 9.716379 3.058897 9.181675 2.487605 -13.351553
4.544097 1.908577 -11.845317 0.042031 1.972234 -6.024445 0.061681 -6.652751 9.623400 3.127694 9.023346 2.482218 -13.036833
4.641574 1.908955 -14.145878 0.021638 1.969998 -8.073556 0.046950 -5.528216 9.028202 3.463769 8.462917 2.856605 -11.170745
4.738188 1.910343 -15.858168 -0.002629 1.966396 -10.468476 0.028113 -3.302199 8.095337 4.223418 7.650646 3.747954 -7.774611
4.833720 1.913009 -16.626398 -0.029712 1.964709 -13.135527 0.004865 -0.252140 7.108835 5.533363 6.803977 5.208097 -3.171352
4.928231 1.916945 -16.296959 -0.057941 1.965298 -15.677245 -0.022141 3.062137 6.238000 7.262057 5.983376 6.992276 2.032957
5.021583 1.922342 -14.982598 -0.085267 1.964285 -18.016414 -0.052810 6.655117 5.778732 9.453503 5.351350 9.017204 7.340625
5.114456 1.928569 -12.978296 -0.110234 1.965952 -19.494182 -0.084936 9.202036 5.118583 11.005124 4.356913 10.270758 11.800386
5.207105 1.935379 -10.667602 -0.131714 1.966855 -20.103223 -0.117845 9.998545 4.403678 12.357224 3.065941 11.111590 15.999195
5.300215 1.942091 -8.385725 -0.149326 1.962490 -19.554941 -0.149188 9.999858 3.582980 13.240349 1.804707 11.617147 19.469809
5.394397 1.948048 -6.331196 -0.163300 1.964669 -17.700134 -0.177097 9.999620 3.294564 13.369737 1.310548 11.563276 20.327901
5.489787 1.953059 -4.636955 -0.173911 1.960711 -14.883747 -0.200376 9.720278 3.647228 12.603879 1.742787 10.866349 18.080214
5.586407 1.957038 -3.306668 -0.181773 1.962802 -11.324699 -0.217849 7.832279 4.238062 11.318452 2.581183 9.795604 14.294811
5.684018 1.960170 -2.314128 -0.187422 1.964588 -7.481499 -0.229292 5.262400 5.118327 10.176452 3.804943 8.953469 10.206652
5.782252 1.962782 -1.598334 -0.191395 1.966395 -3.522453 -0.234252 2.268006 6.319415 9.298834 5.347578 8.385291 6.017132
5.880792 1.965166 -1.093233 -0.194149 1.971927 0.150289 -0.233472 -0.522910 7.488724 8.479250 6.790484 7.818570 2.018612
5.979278 1.967677 -0.744794 -0.196031 1.974000 3.487374 -0.227120 -3.409640 8.816212 8.003832 8.220463 7.439164 -1.593679
6.077780 1.970250 -0.504642 -0.197316 1.982713 5.876188 -0.217631 -5.132648 9.342590 7.206996 8.798330 6.676907 -4.257017
6.176355 1.972821 -0.341303 -0.198188 1.988493 7.336214 -0.205814 -6.553623 9.754607 6.728747 9.150086 6.122324 -6.053622
6.275194 1.975196 -0.230294 -0.198778 1.993180 7.646301 -0.194045 -6.570300 9.470893 6.163920 8.854252 5.530060 -6.631165
6.374518 1.977131 -0.154784 -0.199179 2.000947 6.900433 -0.183585 -6.074888 8.989660 5.884532 8.389574 5.262552 -6.232149
6.474332 1.978597 -0.103932 -0.199449 2.002808 5.298653 -0.175906 -4.569627 8.375324 5.909810 7.856648 5.370392 -4.951769
6.574579 1.979630 -0.069557 -0.199631 2.008312 3.046213 -0.171949 -2.640682 7.762388 6.228565 7.358423 5.809886 -3.082360
6.675134 1.980333 -0.046503 -0.199753 2.012041 0.623333 -0.171692 -0.579716 7.207852 6.729893 6.912936 6.424353 -0.966543
6.775770 1.980923 -0.031080 -0.199835 2.015012 -1.814545 -0.175445 1.640351 6.806924 7.416360 6.565408 7.164530 1.208559
6.876475 1.981413 -0.020750 -0.199890 2.020105 -3.749881 -0.181833 3.160295 6.299693 7.788297 6.075627 7.558158 2.971135
6.977191 1.981855 -0.013860 -0.199926 2.023173 -5.138293 -0.190465 4.531832 5.980452 8.141168 5.708133 7.867334 4.319917
7.078011 1.982156 -0.009254 -0.199951 2.025809 -5.687758 -0.199492 4.827015 5.600596 8.036663 5.297484 7.738423 4.877007
7.179032 1.982210 -0.006172 -0.199967 2.029455 -5.470848 -0.208113 4.782788 5.408260 7.812007 5.085411 7.497458 4.815794
7.280277 1.981983 -0.004117 -0.199978 2.029504 -4.539799 -0.214976 3.863803 5.387164 7.416819 5.089313 7.128135 4.068478
7.381741 1.981470 -0.002742 -0.199985 2.031832 -3.034995 -0.219305 2.603666 5.556773 6.982200 5.314420 6.746796 2.857802
7.483354 1.980730 -0.001826 -0.199990 2.032243 -1.280335 -0.220858 1.088237 5.890137 6.572692 5.709236 6.397021 1.370339
7.584986 1.979889 -0.001216 -0.199994 2.032763 0.593852 -0.219287 -0.598240 6.353759 6.236117 6.212756 6.099965 -0.230433
7.686607 1.978978 -0.000809 -0.199996 2.034203 2.187845 -0.215447 -1.871135 6.687387 5.873078 6.567106 5.756118 -1.625297
7.788154 1.978061 -0.000539 -0.199997 2.034421 3.445998 -0.209540 -3.081549 7.019209 5.629491 6.879515 5.491725 -2.777507
7.889675 1.977095 -0.000359 -0.199998 2.034887 4.101988 -0.202946 -3.504959 7.056502 5.361029 6.901713 5.205409 -3.391777
7.991216 1.976032 -0.000239 -0.199999 2.035541 4.192457 -0.196239 -3.695751 7.004312 5.222295 6.831530 5.046699 -3.566848
8.092806 1.974842 -0.000159 -0.199999 2.034396 3.702939 -0.190562 -3.166535 6.786155 5.188119 6.619758 5.017954 -3.199840
8.194462 1.973504 -0.000106 -0.199999 2.034583 2.732660 -0.186532 -2.371963 6.508977 5.284820 6.366537 5.139280 -2.451413
8.296152 1.972049 -0.000071 -0.200000 2.033383 1.493041 -0.184513 -1.279491 6.220036 5.509209 6.110274 5.397013 -1.424088
8.397812 1.970539 -0.000047 -0.200000 2.032555 0.088269 -0.184844 -0.026929 5.952211 5.826654 5.869742 5.742075 -0.253223
8.499417 1.969003 -0.000031 -0.200000 2.032090 -1.180044 -0.187024 1.005453 5.683202 6.102380 5.617507 6.035134 0.836806
8.600920 1.967492 -0.000021 -0.200000 2.030966 -2.256493 -0.190977 2.025367 5.485903 6.384162 5.413862 6.310923 1.795320
8.702343 1.965987 -0.000014 -0.200000 2.030248 -2.912095 -0.195705 2.487007 5.287637 6.484022 5.207149 6.403447 2.392684
8.803706 1.964472 -0.000009 -0.200000 2.029430 -3.161670 -0.200816 2.793338 5.179971 6.519522 5.084892 6.425324 2.679983
8.905033 1.962926 -0.000006 -0.200000 2.027813 -2.955264 -0.205381 2.527338 5.142328 6.415564 5.045925 6.320672 2.547983
9.006345 1.961330 -0.000004 -0.200000 2.026919 -2.361320 -0.208929 2.059652 5.198006 6.251632 5.110947 6.165967 2.108646
9.107629 1.959697 -0.000003 -0.200000 2.025134 -1.510261 -0.211061 1.295229 5.349336 6.053878 5.279386 5.985083 1.410238
9.208857 1.958056 -0.000002 -0.200000 2.023731 -0.482717 -0.211474 0.390246 5.569334 5.849447 5.516984 5.798020 0.561149
9.310013 1.956428 -0.000001 -0.200000 2.022419 0.500228 -0.210428 -0.422964 5.789126 5.647273 5.749697 5.608540 -0.283010
9.411065 1.954849 -0.000001 -0.200000 2.020798 1.388401 -0.207920 -1.252704 6.019360 5.484998 5.980265 5.446532 -1.068094
9.512023 1.953313 -0.000001 -0.200000 2.019543 1.992811 -0.204651 -1.701056 6.142718 5.333543 6.101234 5.292271 -1.618139
9.612894 1.951819 -0.000000 -0.200000 2.018124 2.315045 -0.200874 -2.050506 6.221947 5.245232 6.171848 5.194930 -1.953632
9.713694 1.950353 -0.000000 -0.200000 2.016437 2.288900 -0.197321 -1.958835 6.193563 5.207666 6.141003 5.154556 -1.972344
9.814441 1.948903 -0.000000 -0.200000 2.015109 1.959957 -0.194339 -1.717880 6.112541 5.238456 6.062329 5.187647 -1.748767
9.915133 1.947472 -0.000000 -0.200000 2.013286 1.401371 -0.192318 -1.204757 5.988429 5.340224 5.946142 5.297402 -1.296945
10.015760 1.946072 -0.000000 -0.200000 2.011766 0.673892 -0.191514 -0.573466 5.844259 5.494244 5.812094 5.461677 -0.700433
10.116314 1.944716 -0.000000 -0.200000 2.010252 -0.065719 -0.191825 0.047833 5.697568 5.665693 5.673993 5.641816 -0.064053
10.216777 1.943425 -0.000000 -0.200000 2.008628 -0.774321 -0.193301 0.701079 5.569212 5.849823 5.548179 5.828496 0.560928
10.317154 1.942199 -0.000000 -0.200000 2.007298 -1.301182 -0.195469 1.106295 5.454138 5.975060 5.433114 5.953886 1.041694
10.417446 1.941042 -0.000000 -0.200000 2.005832 -1.640113 -0.198174 1.453146 5.381427 6.071526 5.355558 6.045663 1.380204
10.517665 1.939945 -0.000000 -0.200000 2.004372 -1.720820 -0.200861 1.470453 5.346705 6.089833 5.318479 6.061780 1.486429
10.617822 1.938900 -0.000000 -0.200000 2.003070 -1.572068 -0.203279 1.380644 5.361987 6.065532 5.333324 6.037108 1.407329
10.717922 1.937906 -0.000000 -0.200000 2.001560 -1.227912 -0.205077 1.054950 5.429692 5.997588 5.404253 5.972387 1.136031
10.817965 1.936966 -0.000000 -0.200000 2.000258 -0.732847 -0.206046 0.633422 5.537627 5.904891 5.517593 5.885035 0.734706
10.917948 1.936085 -0.000000 -0.200000 1.998971 -0.193714 -0.206187 0.173912 5.668373 5.803551 5.653656 5.788966 0.270487
11.017863 1.935275 -0.000000 -0.200000 1.997671 0.353763 -0.205428 -0.323951 5.812421 5.706594 5.800431 5.694730 -0.211528
11.117712 1.934536 -0.000000 -0.200000 1.996606 0.793174 -0.204074 -0.670918 5.926860 5.620144 5.915984 5.609347 -0.613354
11.217496 1.933872 -0.000000 -0.200000 1.995452 1.114238 -0.202207 -0.987724 6.023651 5.560306 6.010635 5.547320 -0.926660
11.317223 1.933276 -0.000000 -0.200000 1.994425 1.250059 -0.200240 -1.066197 6.066448 5.528704 6.052043 5.514255 -1.075532
11.416903 1.932743 -0.000000 -0.200000 1.993455 1.217331 -0.198345 -1.070577 6.076673 5.532977 6.061194 5.517412 -1.087478
11.516539 1.932271 -0.000000 -0.200000 1.992456 1.024867 -0.196825 -0.879443 6.047813 5.575829 6.033347 5.561263 -0.944067
11.616136 1.931857 -0.000000 -0.200000 1.991585 0.704235 -0.195844 -0.613132 5.994529 5.649603 5.982568 5.637565 -0.689929
11.715695 1.931502 -0.000000 -0.200000 1.990758 0.324847 -0.195459 -0.284769 5.928195 5.745774 5.919179 5.736700 -0.364901
11.815213 1.931211 -0.000000 -0.200000 1.989956 -0.084653 -0.195747 0.082474 5.858034 5.854800 5.851130 5.847844 -0.006520
11.914693 1.930983 -0.000000 -0.200000 1.989337 -0.437151 -0.196527 0.366615 5.793714 5.951222 5.788010 5.945480 0.314978
12.014136 1.930819 -0.000000 -0.200000 1.988670 -0.720755 -0.197761 0.639240 5.744489 6.037755 5.738040 6.031283 0.586510
12.113547 1.930716 -0.000000 -0.200000 1.988160 -0.876161 -0.199156 0.745299 5.715496 6.088652 5.708330 6.081491 0.746317
12.212932 1.930669 -0.000000 -0.200000 1.987664 -0.911727 -0.200594 0.802279 5.711403 6.115805 5.703253 6.107682 0.808832
12.312296 1.930674 -0.000000 -0.200000 1.987223 -0.821280 -0.201828 0.703218 5.735515 6.110731 5.727483 6.102738 0.750470
12.411645 1.930727 -0.000000 -0.200000 1.986854 -0.626408 -0.202732 0.547039 5.783087 6.084152 5.776059 6.077157 0.602163
12.510979 1.930827 -0.000000 -0.200000 1.986545 -0.369539 -0.203221 0.320757 5.850268 6.042620 5.844746 6.037123 0.384729
12.610300 1.930974 -0.000000 -0.200000 1.986267 -0.072943 -0.203221 0.058620 5.929174 5.993207 5.925041 5.989095 0.128088
12.709609 1.931167 -0.000000 -0.200000 1.986124 0.200184 -0.202829 -0.165380 6.004777 5.945195 6.001612 5.942045 -0.119149
12.808908 1.931405 -0.000000 -0.200000 1.985959 0.437985 -0.202054 -0.389323 6.075682 5.904377 6.072435 5.901143 -0.342597
12.908201 1.931684 0.000000 -0.200000 1.985931 0.590560 -0.201100 -0.501086 6.124094 5.877258 6.120604 5.873771 -0.493669
13.007491 1.932002 0.000000 -0.200000 1.985899 0.660817 -0.200041 -0.582016 6.155937 5.866721 6.151804 5.862581 -0.578440
13.106782 1.932354 0.000000 -0.200000 1.985943 0.634832 -0.199075 -0.542463 6.162785 5.876583 6.158521 5.872306 -0.572418
13.206079 1.932736 0.000000 -0.200000 1.986023 0.526735 -0.198293 -0.460844 6.152041 5.903915 6.148072 5.899933 -0.496265
13.305382 1.933146 0.000000 -0.200000 1.986158 0.360314 -0.197792 -0.310919 6.126557 5.947429 6.123278 5.944139 -0.358266
13.404694 1.933582 0.000000 -0.200000 1.986317 0.152372 -0.197633 -0.129982 6.091893 6.001177 6.089420 5.998695 -0.181440
13.504016 1.934043 0.000000 -0.200000 1.986563 -0.052657 -0.197777 0.040861 6.055372 6.056340 6.053552 6.054514 0.001931
13.603350 1.934525 0.000000 -0.200000 1.986801 -0.243944 -0.198232 0.217990 6.021040 6.110123 6.019368 6.108445 0.178160
13.702696 1.935028 0.000002 -0.200000 1.987132 -0.381193 -0.198859 0.322786 5.995264 6.150450 5.993568 6.148752 0.310371
13.802058 1.935547 0.000008 -0.200000 1.987456 -0.464018 -0.199616 0.410000 5.979790 6.179985 5.977727 6.177923 0.400391
13.901437 1.936080 0.000039 -0.200000 1.987838 -0.475503 -0.200350 0.409220 5.977715 6.192294 5.975482 6.190065 0.429162
14.000837 1.936624 0.000189 -0.200000 1.988234 -0.424408 -0.200994 0.389734 5.982810 6.197069 5.980517 6.194781 0.428523
14.100258 1.937175 0.000928 -0.200000 1.988664 -0.322123 -0.201458 0.364211 5.973164 6.217916 5.970818 6.215577 0.489511
14.199703 1.937732 0.004558 -0.199998 1.989108 -0.180950 -0.201687 0.574273 5.841392 6.367485 5.838073 6.364178 1.052198
14.299170 1.938293 0.022392 -0.199990 1.989593 -0.028588 -0.201681 1.827273 5.209883 7.085221 5.197100 7.072515 3.750753
14.398662 1.938855 0.109911 -0.199951 1.990077 0.125831 -0.201422 5.374614 3.810609 9.308240 3.701439 9.201149 10.997340
14.498177 1.939420 0.536474 -0.199760 1.990582 0.309970 -0.200812 9.706435 2.660113 13.265971 2.029418 12.669940 21.246380
14.597714 1.939985 2.543402 -0.198828 1.991106 0.525768 -0.199821 9.999999 2.128426 15.197116 0.556812 13.810520 26.322398
14.697089 1.940738 10.410424 -0.194439 1.986899 1.460410 -0.196300 9.998605 2.113413 13.520377 0.391102 11.991130 23.006993
14.796235 1.941759 25.886485 -0.176248 1.987049 3.198740 -0.189511 7.164561 3.143917 9.365523 1.877982 8.228696 12.572321
14.894805 1.943408 27.245070 -0.128664 1.981664 5.825030 -0.177900 1.554962 5.779772 6.510967 5.062185 5.858532 1.527542
14.992406 1.946123 12.163214 -0.078145 1.983710 9.390369 -0.160039 -4.032721 9.471604 5.817082 8.903265 5.301949 -7.255838
15.089092 1.949896 3.190088 -0.057022 1.985147 12.857978 -0.137294 -7.669260 12.306422 5.405370 11.492729 4.650932 -13.742849
15.184414 1.955230 0.729315 -0.051590 1.982064 15.957041 -0.109768 -9.412835 14.615083 4.846131 13.124222 3.334122 -19.559053
15.279225 1.961330 0.161677 -0.050352 1.981689 17.686160 -0.080811 -9.999951 15.794593 3.277872 13.821328 1.163478 -25.174570
15.374552 1.967160 0.035157 -0.050077 1.984195 17.374200 -0.053481 -9.999990 16.219210 2.380484 13.859254 -0.191454 -27.889434
15.470730 1.972356 0.007561 -0.050016 1.982853 15.580444 -0.029059 -9.999903 15.426557 2.374074 13.048135 -0.227889 -26.328508
15.568217 1.976400 0.001578 -0.050003 1.989269 12.512253 -0.009676 -9.883453 13.527115 3.107306 11.406209 0.803847 -21.022172
15.666895 1.979348 0.000324 -0.050001 1.992532 8.832908 0.004112 -7.667935 11.345173 3.969987 9.580186 2.078060 -14.877312
15.766441 1.981472 0.000066 -0.050000 1.996891 4.844818 0.011495 -4.658297 9.647714 5.167084 8.302450 3.748367 -9.034713
15.866396 1.983196 0.000013 -0.050000 1.998128 0.782855 0.012089 -1.301748 8.486914 6.712793 7.520144 5.701242 -3.593024
15.966182 1.985094 0.000003 -0.050000 1.998731 -3.272836 0.005698 2.331082 7.908035 8.549667 7.152092 7.754698 1.244238
16.065781 1.987196 0.000001 -0.050000 2.006487 -6.533521 -0.005322 4.929259 7.050483 9.628297 6.386859 8.942664 5.133619
16.165055 1.989649 0.000000 -0.050000 2.008981 -8.937866 -0.020277 7.087270 6.613180 10.616508 5.850082 9.844837 7.998083
16.264332 1.992139 0.000000 -0.050000 2.013579 -10.051092 -0.036337 7.984848 5.869567 10.630535 5.017093 9.800799 9.544675
16.363979 1.994286 0.000000 -0.050000 2.020330 -9.871153 -0.051946 8.151562 5.453097 10.288762 4.519051 9.398151 9.714766
16.464144 1.995920 0.000000 -0.050000 2.020369 -8.554963 -0.065153 6.929492 5.244898 9.547062 4.354343 8.706884 8.654706
16.564933 1.996907 0.000000 -0.050000 2.026062 -6.254062 -0.074460 5.099522 5.391740 8.725019 4.640960 8.013802 6.706122
16.666199 1.997364 0.000000 -0.050000 2.026871 -3.425832 -0.079207 2.677644 5.934112 8.018925 5.359539 7.473649 4.198923
16.767655 1.997562 0.000000 -0.050000 2.029082 -0.288450 -0.078711 -0.079615 6.802613 7.498873 6.368468 7.088735 1.416526
16.869190 1.997606 0.000000 -0.050000 2.034108 2.511350 -0.074133 -2.321759 7.475317 6.898851 7.130512 6.570896 -1.136083
16.970601 1.997699 0.000000 -0.050000 2.035854 4.863628 -0.065676 -4.516194 8.241242 6.548653 7.869196 6.189041 -3.372744
17.072000 1.997736 0.000000 -0.050000 2.039831 6.277667 -0.055541 -5.488247 8.341101 5.977041 7.939259 5.575829 -4.727490
17.173495 1.997604 0.000000 -0.050000 2.043433 6.789587 -0.044597 -6.109572 8.318395 5.640215 7.857369 5.169933 -5.365616
17.275191 1.997192 0.000000 -0.050000 2.043212 6.310442 -0.034840 -5.495343 7.898319 5.379508 7.441062 4.906956 -5.052917
17.377184 1.996391 0.000000 -0.050000 2.046409 4.977219 -0.027351 -4.429943 7.387494 5.364308 6.979109 4.942230 -4.060065
17.479411 1.995250 -0.000000 -0.050000 2.045403 3.087909 -0.022992 -2.727307 6.888894 5.631833 6.564029 5.295750 -2.525340
17.581730 1.993902 -0.000000 -0.050000 2.046055 0.820546 -0.022442 -0.717939 6.462660 6.125862 6.220655 5.874719 -0.682734
17.684062 1.992426 -0.000000 -0.050000 2.047193 -1.337757 -0.025119 1.069721 6.039783 6.605406 5.855999 6.414681 1.124305
17.786252 1.990976 -0.000000 -0.050000 2.046751 -3.276247 -0.031019 2.886165 5.765233 7.166078 5.578317 6.972924 2.795452
17.888351 1.989512 -0.000000 -0.050000 2.047919 -4.578731 -0.038580 3.846487 5.387276 7.345265 5.182188 7.138497 3.914299
17.990392 1.988002 -0.000000 -0.050000 2.048339 -5.246805 -0.047218 4.581889 5.165633 7.444678 4.914029 7.195902 4.560919
18.092456 1.986368 -0.000000 -0.050000 2.047130 -5.140000 -0.055311 4.335340 4.980941 7.225000 4.716180 6.966687 4.494565
18.194615 1.984532 -0.000000 -0.050000 2.047680 -4.357263 -0.062060 3.754392 4.959734 6.911580 4.709034 6.667584 3.910396
18.296854 1.982506 -0.000000 -0.050000 2.045514 -3.070282 -0.066602 2.576724 5.125951 6.546367 4.916950 6.343315 2.846782
18.399115 1.980346 -0.000000 -0.050000 2.044709 -1.414344 -0.068350 1.136419 5.444105 6.189393 5.286076 6.035918 1.495129
18.501342 1.978107 -0.000000 -0.050000 2.043673 0.254713 -0.067551 -0.258040 5.806648 5.846811 5.690120 5.733736 0.083779
18.603435 1.975894 -0.000000 -0.050000 2.041967 1.839382 -0.064109 -1.717955 6.232740 5.590008 6.125375 5.485959 -1.282149
18.705404 1.973704 -0.000002 -0.050000 2.041300 3.001354 -0.059113 -2.597584 6.448910 5.297446 6.339800 5.189921 -2.301343
18.807248 1.971543 -0.000009 -0.050000 2.039946 3.725809 -0.052940 -3.339725 6.615298 5.115995 6.481589 4.982047 -2.998845
18.909014 1.969370 -0.000046 -0.050000 2.038027 3.861424 -0.046857 -3.331720 6.549975 4.964127 6.406250 4.818298 -3.173801
19.010750 1.967141 -0.000236 -0.050000 2.036917 3.472713 -0.041456 -3.094709 6.414036 4.926308 6.269875 4.779417 -2.978186
19.112455 1.964855 -0.001197 -0.050001 2.034200 2.648075 -0.037526 -2.414107 6.251713 4.984140 6.122211 4.851819 -2.537966
19.214114 1.962532 -0.006074 -0.050003 2.032451 1.488902 -0.035550 -1.905375 6.287487 4.976027 6.172878 4.858896 -2.625442
19.315694 1.960206 -0.030753 -0.050013 2.030300 0.242997 -0.035508 -2.763276 7.093114 4.341092 6.969138 4.214301 -5.506859
19.417138 1.957940 -0.155067 -0.050068 2.027977 -1.008335 -0.037547 -5.855366 9.284366 2.913034 9.053509 2.675316 -12.749524
19.518437 1.955751 -0.773919 -0.050341 2.026356 -2.086287 -0.041216 -9.356719 12.156903 2.251070 11.547743 1.605631 -19.847945
19.619574 1.953664 -3.683537 -0.051702 2.024296 -2.975265 -0.046378 -9.998508 12.482105 2.084913 11.439775 0.942718 -20.894248
19.720251 1.951988 -14.107922 -0.058111 2.017725 -4.397930 -0.054894 -8.155072 9.547555 2.316864 8.605837 1.276537 -14.559992
19.820346 1.950876 -28.584694 -0.083088 2.015242 -6.459451 -0.067242 -3.498174 6.015095 3.886828 5.491324 3.314541 -4.305049
19.919344 1.950878 -23.749646 -0.136670 2.005306 -9.287003 -0.084819 2.473305 4.884417 7.509239 4.587879 7.176704 5.213647
20.016721 1.952593 -8.813889 -0.179955 2.002110 -12.915375 -0.108728 7.302385 5.053077 11.598415 4.492364 10.942371 12.995345
20.113152 1.955413 -2.172605 -0.195212 2.002077 -15.849971 -0.135930 9.980090 4.312137 13.528769 3.142825 12.351176 18.424984
20.208547 1.959470 -0.490003 -0.198928 1.996462 -17.810430 -0.165819 9.999400 3.296781 14.970111 1.029895 12.954733 23.598167
20.303700 1.964014 -0.108155 -0.199764 1.992044 -18.364236 -0.195721 9.999999 1.774762 16.215642 -1.036063 13.708665 29.185608
20.399777 1.967855 -0.023276 -0.199949 1.992432 -16.901881 -0.222171 9.999999 1.452042 15.962694 -1.514094 13.294219 29.318965
20.496964 1.970754 -0.004928 -0.199989 1.990341 -14.082054 -0.244153 9.995398 2.057273 14.489993 -0.704295 11.980857 25.117873
20.595327 1.972589 -0.001018 -0.199998 1.993894 -10.436225 -0.260480 8.971254 3.129833 12.221348 0.820320 10.094418 18.365613
20.694632 1.973538 -0.000207 -0.200000 1.995270 -6.468419 -0.270605 6.325943 4.304832 10.079379 2.518297 8.402798 11.659048
20.794446 1.973998 -0.000042 -0.200000 1.996503 -2.366277 -0.273951 3.068654 5.799593 8.600839 4.509240 7.370790 5.662796
20.894321 1.974402 -0.000008 -0.200000 1.997495 1.599566 -0.270698 -0.245687 7.461482 7.569938 6.549844 6.696976 0.255587
20.993741 1.975278 -0.000002 -0.200000 1.996374 5.376688 -0.260925 -3.724719 9.308332 7.116106 8.540810 6.384417 -4.348619
21.092849 1.976505 -0.000000 -0.200000 2.002772 8.189383 -0.247341 -5.960478 10.185699 6.290256 9.473333 5.592027 -7.776749
21.191674 1.978065 -0.000000 -0.200000 2.005071 10.010901 -0.230814 -7.694993 10.871512 5.852760 10.053615 5.027824 -10.044544
21.290573 1.979612 -0.000000 -0.200000 2.007392 10.541502 -0.214046 -8.124144 10.676030 5.212371 9.807484 4.306584 -10.964559
21.389943 1.980731 -0.000000 -0.200000 2.013492 9.784026 -0.198714 -7.796871 10.113976 4.876600 9.228221 3.939832 -10.525764
21.489873 1.981308 -0.000000 -0.200000 2.012529 7.983000 -0.186514 -6.211742 9.307016 4.847561 8.509039 3.998444 -8.970051
21.590371 1.981307 -0.000000 -0.200000 2.016882 5.344200 -0.178729 -4.073693 8.484372 5.175164 7.840043 4.493150 -6.656101
21.691261 1.980877 -0.000000 -0.200000 2.018217 2.379774 -0.175616 -1.595401 7.779111 5.817164 7.299759 5.310913 -3.950792
21.792233 1.980317 -0.000000 -0.200000 2.019478 -0.715672 -0.177654 1.137006 7.285532 6.744048 6.911895 6.347225 -1.106154
21.893214 1.979700 -0.000000 -0.200000 2.024205 -3.307052 -0.183358 3.159108 6.649996 7.329959 6.327915 6.992648 1.344696
21.994069 1.979162 -0.000000 -0.200000 2.025685 -5.318931 -0.192348 5.055269 6.269015 7.954625 5.892619 7.569662 3.362654
22.094916 1.978592 -0.000000 -0.200000 2.027992 -6.341553 -0.202389 5.683604 5.714819 7.933794 5.294619 7.516510 4.440866
22.195886 1.977852 -0.000000 -0.200000 2.030972 -6.439910 -0.212541 5.923560 5.401938 7.780506 4.935531 7.324795 4.767833
22.297042 1.976873 0.000000 -0.200000 2.029362 -5.614113 -0.221003 5.026406 5.247654 7.345123 4.801752 6.913313 4.209029
22.398423 1.975607 0.000000 -0.200000 2.031200 -4.023757 -0.226781 3.700022 5.346822 6.854665 4.970394 6.489462 3.026911
22.499945 1.974126 0.000000 -0.200000 2.029784 -2.021065 -0.229336 1.923550 5.705176 6.408827 5.417537 6.129915 1.416029
22.601444 1.972592 0.000000 -0.200000 2.029197 0.226669 -0.228141 -0.100563 6.268747 6.054480 6.051143 5.844774 -0.420637
22.702870 1.971058 0.000000 -0.200000 2.029889 2.234593 -0.224043 -1.745849 6.728025 5.669915 6.553111 5.500821 -2.110400
22.804114 1.969638 0.000000 -0.200000 2.028853 3.917817 -0.217186 -3.357304 7.228836 5.431890 7.035656 5.243013 -3.589589
22.905251 1.968267 0.000000 -0.200000 2.029025 4.914885 -0.209186 -4.065140 7.337634 5.106233 7.124806 4.892995 -4.463212
23.006346 1.966881 0.000000 -0.200000 2.029040 5.253508 -0.200678 -4.515086 7.349046 4.932953 7.102265 4.681716 -4.836641
23.107466 1.965416 0.000000 -0.200000 2.027108 4.863965 -0.193137 -4.054040 7.104808 4.842593 6.858130 4.588959 -4.531386
23.208668 1.963811 0.000000 -0.200000 2.027080 3.858038 -0.187312 -3.267366 6.779687 4.912180 6.558713 4.684933 -3.741287
23.309921 1.962093 0.000000 -0.200000 2.024947 2.453234 -0.183817 -2.021357 6.433317 5.160085 6.256803 4.978450 -2.551584
23.411155 1.960333 0.000000 -0.200000 2.023731 0.778837 -0.183125 -0.553481 6.108584 5.542295 5.976634 5.406264 -1.136658
23.512326 1.958574 0.000000 -0.200000 2.022909 -0.808423 -0.184786 0.748864 5.785346 5.914162 5.685414 5.811195 0.254596
23.613358 1.956900 0.000000 -0.200000 2.021242 -2.230222 -0.188788 2.070735 5.550826 6.321725 5.450449 6.218680 1.539131
23.714274 1.955292 0.000000 -0.200000 2.020530 -3.186376 -0.193988 2.771172 5.287736 6.503163 5.179344 6.393886 2.429969
23.815096 1.953736 0.000000 -0.200000 2.019415 -3.682050 -0.199969 3.307596 5.135725 6.618997 5.004022 6.488139 2.967389
23.915863 1.952195 0.000000 -0.200000 2.017548 -3.617344 -0.205560 3.137344 5.040888 6.534406 4.902591 6.398348 2.989276
24.016616 1.950629 0.000000 -0.200000 2.016615 -3.067054 -0.210200 2.726028 5.063197 6.372136 4.932040 6.243357 2.620255
24.117349 1.949047 0.000000 -0.200000 2.014380 -2.154652 -0.213281 1.887177 5.211882 6.156528 5.102151 6.048904 1.891399
24.218036 1.947476 0.000000 -0.200000 2.012883 -0.978047 -0.214395 0.860848 5.458369 5.925223 5.375235 5.843681 0.935300
24.318651 1.945943 0.000000 -0.200000 2.011389 0.208598 -0.213723 -0.136943 5.734671 5.695907 5.673622 5.636062 -0.076323
24.419149 1.944499 0.000000 -0.200000 2.009569 1.337002 -0.211198 -1.181381 6.043589 5.510387 5.988280 5.456255 -1.065227
24.519540 1.943141 0.000000 -0.200000 2.008436 2.166497 -0.207593 -1.819275 6.230586 5.322961 6.175144 5.268088 -1.814681
24.619826 1.941870 0.000000 -0.200000 2.006948 2.688775 -0.203159 -2.359340 6.375343 5.208811 6.307674 5.141051 -2.333155
24.720038 1.940662 0.000000 -0.200000 2.005351 2.795054 -0.198794 -2.369550 6.373956 5.136793 6.300911 5.062961 -2.475113
24.820202 1.939491 0.000000 -0.200000 2.004163 2.532762 -0.194897 -2.206134 6.306863 5.147160 6.233430 5.072698 -2.320436
24.920324 1.938356 0.000000 -0.200000 2.002319 1.961120 -0.192023 -1.669872 6.175198 5.244930 6.110516 5.179237 -1.861548
25.020401 1.937260 0.000000 -0.200000 2.000986 1.151954 -0.190504 -0.980765 6.012153 5.412925 5.961420 5.361445 -1.199202
25.120421 1.936220 0.000000 -0.200000 1.999574 0.279301 -0.190324 -0.239865 5.842166 5.620966 5.804956 5.583201 -0.442955
25.220358 1.935262 0.000000 -0.200000 1.998094 -0.600098 -0.191588 0.559692 5.688605 5.856875 5.658066 5.825805 0.336009
25.320217 1.934389 0.000000 -0.200000 1.997069 -1.299718 -0.193796 1.109604 5.542352 6.032418 5.514228 6.003966 0.979805
25.419993 1.933607 0.000000 -0.200000 1.995798 -1.804273 -0.196810 1.608062 5.443655 6.182311 5.409654 6.148195 1.477197
25.519705 1.932903 0.000000 -0.200000 1.994672 -2.009017 -0.199964 1.721719 5.378522 6.231898 5.340722 6.194286 1.706940
25.619369 1.932262 0.000000 -0.200000 1.993686 -1.941860 -0.202978 1.714894 5.372870 6.230321 5.332424 6.190236 1.715263
25.718993 1.931678 0.000000 -0.200000 1.992440 -1.620333 -0.205373 1.397363 5.429080 6.166659 5.391468 6.129457 1.475569
25.818584 1.931148 0.000000 -0.200000 1.991507 -1.095610 -0.206888 0.959571 5.537926 6.067733 5.507046 6.037167 1.059929
25.918135 1.930679 0.000000 -0.200000 1.990514 -0.481387 -0.207440 0.428484 5.685890 5.953157 5.662713 5.930213 0.534767
26.017638 1.930281 0.000000 -0.200000 1.989561 0.176637 -0.206912 -0.163076 5.858328 5.837914 5.840462 5.820261 -0.040615
26.117094 1.929957 0.000000 -0.200000 1.988902 0.738412 -0.205603 -0.615404 6.005426 5.729134 5.990531 5.714387 -0.552435
26.216499 1.929712 0.000000 -0.200000 1.988102 1.185689 -0.203577 -1.046952 6.138682 5.648030 6.121748 5.631188 -0.981211
26.315863 1.929538 0.000000 -0.200000 1.987519 1.424900 -0.201313 -1.208701 6.206652 5.592700 6.187913 5.573934 -1.227931
26.415199 1.929426 0.000000 -0.200000 1.986962 1.470333 -0.198997 -1.290261 6.237219 5.578642 6.216100 5.557405 -1.317271
26.514512 1.929370 0.000000 -0.200000 1.986363 1.314501 -0.197025 -1.122970 6.214926 5.608501 6.194270 5.587681 -1.213014
26.613810 1.929364 0.000000 -0.200000 1.985938 0.992516 -0.195598 -0.864004 6.160076 5.677409 6.142119 5.659315 -0.965471
26.713095 1.929407 0.000000 -0.200000 1.985499 0.574334 -0.194844 -0.496805 6.084607 5.779758 6.070568 5.765612 -0.609805
26.812362 1.929503 0.000000 -0.200000 1.985124 0.095576 -0.194878 -0.073253 5.999790 5.902951 5.989278 5.892352 -0.193765
26.911612 1.929653 0.000000 -0.200000 1.984934 -0.341879 -0.195537 0.284662 5.917230 6.019199 5.909124 6.011029 0.203874
27.010845 1.929859 0.000000 -0.200000 1.984676 -0.719582 -0.196805 0.640868 5.848844 6.129260 5.840428 6.120791 0.560779
27.110065 1.930116 0.000000 -0.200000 1.984612 -0.958401 -0.198349 0.814741 5.799220 6.198823 5.790101 6.189694 0.799196
27.209280 1.930418 0.000000 -0.200000 1.984534 -1.063676 -0.200049 0.937988 5.777467 6.242305 5.766679 6.231545 0.929703
27.308493 1.930760 0.000000 -0.200000 1.984502 -1.014732 -0.201591 0.868505 5.787166 6.244238 5.776071 6.233200 0.914202
27.407712 1.931136 0.000000 -0.200000 1.984555 -0.834660 -0.202823 0.731335 5.825815 6.218925 5.815558 6.208724 0.786276
27.506939 1.931543 0.000000 -0.200000 1.984620 -0.563063 -0.203603 0.487312 5.891531 6.171844 5.883102 6.163462 0.560673
27.606174 1.931980 0.000000 -0.200000 1.984739 -0.226898 -0.203827 0.194243 5.974862 6.111932 5.968518 6.105623 0.274176
27.705417 1.932447 0.000000 -0.200000 1.984966 0.102024 -0.203568 -0.079442 6.060257 6.049956 6.055579 6.045304 -0.020575
27.804668 1.932945 0.000000 -0.200000 1.985165 0.406691 -0.202816 -0.362061 6.144370 5.993319 6.140023 5.988996 -0.302078
27.903929 1.933468 0.000000 -0.200000 1.985500 0.622958 -0.201793 -0.526547 6.204661 5.949213 6.200233 5.944794 -0.510887
28.003205 1.934014 0.000000 -0.200000 1.985813 0.750685 -0.200571 -0.661175 6.247666 5.923026 6.242307 5.917663 -0.649285
28.102497 1.934579 0.000000 -0.200000 1.986184 0.763852 -0.199394 -0.651017 6.259895 5.919248 6.254170 5.913504 -0.681313
28.201812 1.935157 0.000000 -0.200000 1.986591 0.676849 -0.198370 -0.592390 6.250833 5.936543 6.245193 5.930881 -0.628602
28.301149 1.935746 0.000000 -0.200000 1.987010 0.509173 -0.197639 -0.437323 6.221585 5.975047 6.216695 5.970136 -0.493097
28.400511 1.936343 0.000000 -0.200000 1.987466 0.280616 -0.197288 -0.241629 6.179268 6.028088 6.175478 6.024283 -0.302375
28.499897 1.936946 0.000000 -0.200000 1.987969 0.040165 -0.197300 -0.038498 6.131922 6.087011 6.129153 6.084230 -0.089834
28.599307 1.937556 0.000000 -0.200000 1.988463 -0.197470 -0.197699 0.178546 6.084784 6.147495 6.082461 6.145161 0.125411
28.698743 1.938169 0.000000 -0.200000 1.989030 -0.382078 -0.198342 0.322890 6.045182 6.194861 6.043000 6.192672 0.299351
28.798205 1.938784 0.000000 -0.200000 1.989578 -0.510520 -0.199190 0.451366 6.016560 6.231360 6.013922 6.228721 0.429600
28.897694 1.939397 0.000000 -0.200000 1.990160 -0.556251 -0.200059 0.474065 6.003749 6.246093 6.000845 6.243193 0.484692
28.997214 1.940005 0.000000 -0.200000 1.990752 -0.527609 -0.200874 0.463118 6.006071 6.244984 6.003022 6.241942 0.477833
29.096764 1.940606 0.000000 -0.200000 1.991340 -0.431468 -0.201508 0.370068 6.024754 6.226679 6.021962 6.223896 0.403859
29.196346 1.941196 0.000000 -0.200000 1.991948 -0.281935 -0.201893 0.244653 6.055259 6.196679 6.052998 6.194424 0.282847
29.295959 1.941776 0.000000 -0.200000 1.992559 -0.111228 -0.202013 0.097983 6.092841 6.160200 6.091159 6.158522 0.134721
29.395602 1.942344 0.000000 -0.200000 1.993167 0.068502 -0.201838 -0.064003 6.133519 6.121291 6.132206 6.119981 -0.024453
29.495275 1.942899 0.000000 -0.200000 1.993794 0.219111 -0.201455 -0.184374 6.167734 6.086236 6.166611 6.085115 -0.162994
29.594979 1.943439 0.000000 -0.200000 1.994406 0.336124 -0.200884 -0.297857 6.195631 6.057493 6.194329 6.056192 -0.276274
29.694712 1.943963 0.000000 -0.200000 1.995020 0.395105 -0.200257 -0.336142 6.208758 6.039714 6.207313 6.038267 -0.338090
29.794477 1.944469 0.000000 -0.200000 1.995632 0.400362 -0.199628 -0.351826 6.210610 6.032634 6.209003 6.031024 -0.355955
29.894272 1.944956 0.000000 -0.200000 1.996220 0.351339 -0.199100 -0.300528 6.198693 6.038041 6.197143 6.036487 -0.321307
29.994097 1.945421 0.000000 -0.200000 1.996816 0.257790 -0.198731 -0.224254 6.177114 6.052914 6.175790 6.051588 -0.248402
30.093952 1.945865 0.000000 -0.200000 1.997383 0.139995 -0.198550 -0.121184 6.148812 6.074791 6.147791 6.073768 -0.148045
30.193835 1.946287 0.000000 -0.200000 1.997950 0.007597 -0.198587 -0.003425 6.117041 6.100429 6.116273 6.099659 -0.033227
30.293746 1.946687 0.000000 -0.200000 1.998497 -0.111191 -0.198794 0.093239 6.086651 6.123610 6.086045 6.123003 0.073917
30.393684 1.947063 0.000000 -0.200000 1.999033 -0.211578 -0.199163 0.188474 6.059598 6.143567 6.058947 6.142915 0.167937
30.493648 1.947417 0.000000 -0.200000 1.999545 -0.272460 -0.199602 0.231761 6.039989 6.153922 6.039274 6.153207 0.227866
30.593636 1.947746 0.000000 -0.200000 2.000050 -0.295585 -0.200075 0.260438 6.027853 6.156585 6.027017 6.155749 0.257463
30.693650 1.948051 0.000000 -0.200000 2.000516 -0.276428 -0.200496 0.236275 6.025175 6.148735 6.024329 6.147890 0.247122
30.793687 1.948330 0.000000 -0.200000 2.000982 -0.221512 -0.200824 0.193370 6.029994 6.133332 6.029228 6.132567 0.206677
30.893746 1.948585 0.000000 -0.200000 2.001404 -0.142848 -0.201022 0.123031 6.041187 6.111709 6.040569 6.111092 0.141045
30.993827 1.948815 0.000000 -0.200000 2.001824 -0.047857 -0.201062 0.039662 6.056279 6.086484 6.055816 6.086022 0.060411
31.093928 1.949020 0.000000 -0.200000 2.002204 0.043136 -0.200969 -0.035623 6.071241 6.061124 6.070895 6.060778 -0.020234
31.194047 1.949202 0.000000 -0.200000 2.002577 0.125606 -0.200741 -0.112558 6.085009 6.037276 6.084672 6.036940 -0.095466
31.294184 1.949359 0.000000 -0.200000 2.002910 0.182123 -0.200443 -0.154768 6.092853 6.018340 6.092499 6.017986 -0.149026
31.394337 1.949493 0.000000 -0.200000 2.003237 0.212898 -0.200097 -0.187994 6.095699 6.004554 6.095271 6.004126 -0.182291
31.494505 1.949604 0.000000 -0.200000 2.003517 0.211645 -0.199770 -0.180726 6.090840 5.997864 6.090389 5.997412 -0.185954
31.594688 1.949692 0.000000 -0.200000 2.003796 0.182557 -0.199493 -0.159756 6.080325 5.997037 6.079891 5.996602 -0.166577
31.694883 1.949757 0.000000 -0.200000 2.004025 0.132083 -0.199303 -0.113404 6.064466 6.001741 6.064098 6.001373 -0.125450
31.795090 1.949801 0.000000 -0.200000 2.004253 0.065778 -0.199224 -0.056075 6.045326 6.010153 6.045045 6.009872 -0.070345
31.895307 1.949824 0.000000 -0.200000 2.004436 -0.002117 -0.199247 0.000992 6.025221 6.019698 6.025015 6.019492 -0.011046
31.995534 1.949826 0.000000 -0.200000 2.004614 -0.067626 -0.199377 0.061238 6.005557 6.029304 6.005376 6.029123 0.047493
32.095768 1.949810 0.000000 -0.200000 2.004750 -0.116851 -0.199572 0.099214 5.989010 6.035516 5.988833 6.035339 0.093012
32.196008 1.949775 0.000000 -0.200000 2.004881 -0.149149 -0.199819 0.132061 5.975945 6.038671 5.975728 6.038454 0.125452
32.296254 1.949723 0.000000 -0.200000 2.004969 -0.157820 -0.200066 0.134699 5.968135 6.036381 5.967899 6.036145 0.136492
32.396504 1.949653 0.000000 -0.200000 2.005055 -0.145417 -0.200290 0.127586 5.964838 6.030002 5.964597 6.029760 0.130327
32.496758 1.949568 0.000000 -0.200000 2.005098 -0.114782 -0.200459 0.098414 5.966180 6.019260 5.965964 6.019044 0.106160
32.597014 1.949468 0.000000 -0.200000 2.005140 -0.069961 -0.200553 0.060344 5.970846 6.005730 5.970675 6.005559 0.069768
32.697271 1.949353 0.000000 -0.200000 2.005143 -0.020619 -0.200570 0.018206 5.977236 5.990858 5.977110 5.990732 0.027244
32.797528 1.949226 0.000000 -0.200000 2.005143 0.029917 -0.200505 -0.027672 5.984389 5.975819 5.984288 5.975718 -0.017140
32.897785 1.949087 0.000000 -0.200000 2.005109 0.070892 -0.200383 -0.060065 5.989827 5.962638 5.989736 5.962547 -0.054378
32.998039 1.948937 0.000000 -0.200000 2.005072 0.101255 -0.200213 -0.089890 5.993541 5.951732 5.993432 5.951623 -0.083617
33.098291 1.948777 0.000000 -0.200000 2.005003 0.114653 -0.200031 -0.097781 5.993544 5.944644 5.993423 5.944522 -0.097801
33.198539 1.948608 0.000000 -0.200000 2.004932 0.112521 -0.199855 -0.098935 5.990674 5.940949 5.990543 5.940818 -0.099450
33.298783 1.948431 0.000000 -0.200000 2.004831 0.095463 -0.199712 -0.081761 5.984374 5.941026 5.984251 5.940902 -0.086696
33.399022 1.948247 0.000000 -0.200000 2.004730 0.066348 -0.199618 -0.057599 5.975797 5.943938 5.975694 5.943836 -0.063717
33.499255 1.948057 0.000000 -0.200000 2.004602 0.031482 -0.199580 -0.027325 5.965773 5.948747 5.965695 5.948670 -0.034051
33.599482 1.947861 0.000000 -0.200000 2.004473 -0.006452 -0.199604 0.006680 5.955252 5.954636 5.955193 5.954577 -0.001231
33.699702 1.947662 0.000000 -0.200000 2.004323 -0.039362 -0.199674 0.033220 5.945717 5.959866 5.945668 5.959817 0.028298
33.799915 1.947459 0.000000 -0.200000 2.004172 -0.066065 -0.199788 0.058827 5.937582 5.964239 5.937527 5.964184 0.053315
33.900119 1.947254 0.000000 -0.200000 2.004002 -0.080942 -0.199917 0.068965 5.932138 5.966173 5.932077 5.966112 0.068069
34.000315 1.947047 0.000000 -0.200000 2.003833 -0.084691 -0.200052 0.074610 5.929166 5.966132 5.929096 5.966062 0.073931
34.100502 1.946840 0.000000 -0.200000 2.003648 -0.076622 -0.200168 0.065564 5.929163 5.963467 5.929094 5.963398 0.068607
34.200679 1.946632 0.000000 -0.200000 2.003463 -0.058707 -0.200254 0.051186 5.931467 5.958981 5.931407 5.958920 0.055027
34.300848 1.946426 0.000000 -0.200000 2.003267 -0.034851 -0.200301 0.030084 5.935587 5.953095 5.935539 5.953048 0.035017
34.401006 1.946221 0.000000 -0.200000 2.003071 -0.007148 -0.200302 0.005574 5.940847 5.946547 5.940812 5.946511 0.011399
34.501154 1.946019 0.000000 -0.200000 2.002868 0.018478 -0.200266 -0.015451 5.946066 5.940389 5.946039 5.940361 -0.011355
34.601293 1.945819 0.000000 -0.200000 2.002665 0.040871 -0.200194 -0.036531 5.950956 5.934997 5.950928 5.934969 -0.031918
34.701421 1.945623 0.000000 -0.200000 2.002457 0.055304 -0.200104 -0.047056 5.954298 5.931423 5.954267 5.931392 -0.045750
34.801538 1.945431 0.000000 -0.200000 2.002251 0.062001 -0.200004 -0.054717 5.956304 5.929569 5.956268 5.929532 -0.053472
34.901646 1.945244 0.000000 -0.200000 2.002043 0.059619 -0.199913 -0.050966 5.956341 5.929969 5.956303 5.929932 -0.052743
35.001743 1.945063 0.000000 -0.200000 2.001836 0.049460 -0.199838 -0.043255 5.954935 5.932159 5.954900 5.932124 -0.045552
35.101829 1.944887 0.000000 -0.200000 2.001630 0.033760 -0.199791 -0.029056 5.952252 5.935942 5.952223 5.935913 -0.032621
35.201906 1.944717 0.000000 -0.200000 2.001426 0.014109 -0.199776 -0.011919 5.948840 5.940775 5.948818 5.940753 -0.016130
35.301972 1.944554 0.000000 -0.200000 2.001225 -0.005279 -0.199790 0.004243 5.945424 5.945884 5.945408 5.945868 0.000920
35.402028 1.944397 0.000000 -0.200000 2.001026 -0.023364 -0.199833 0.021005 5.942326 5.950954 5.942311 5.950939 0.017256
35.502075 1.944248 0.000000 -0.200000 2.000834 -0.036316 -0.199893 0.030844 5.940377 5.955078 5.940362 5.955063 0.029402
35.602112 1.944107 0.000000 -0.200000 2.000643 -0.044081 -0.199965 0.038970 5.939553 5.958305 5.939534 5.958286 0.037505
35.702139 1.943973 0.000000 -0.200000 2.000461 -0.045062 -0.200035 0.038481 5.940371 5.960071 5.940351 5.960052 0.039400
35.802158 1.943847 0.000000 -0.200000 2.000280 -0.040082 -0.200096 0.035136 5.942510 5.960701 5.942490 5.960682 0.036383
35.902167 1.943729 0.000000 -0.200000 2.000109 -0.030259 -0.200140 0.025989 5.945958 5.960207 5.945941 5.960190 0.028497
36.002169 1.943619 0.000000 -0.200000 1.999940 -0.016766 -0.200161 0.014418 5.950287 5.958980 5.950274 5.958967 0.017385
36.102162 1.943518 0.000000 -0.200000 1.999784 -0.002504 -0.200161 0.002344 5.955019 5.957506 5.955010 5.957496 0.004973
36.202147 1.943425 0.000000 -0.200000 1.999628 0.011636 -0.200138 -0.010580 5.959850 5.956044 5.959842 5.956036 -0.007611
36.302125 1.943340 0.000000 -0.200000 1.999486 0.022653 -0.200099 -0.019192 5.964126 5.955237 5.964118 5.955230 -0.017777
36.402096 1.943264 0.000000 -0.200000 1.999345 0.030343 -0.200049 -0.026876 5.967799 5.955101 5.967790 5.955092 -0.025395
36.502060 1.943196 0.000000 -0.200000 1.999219 0.033105 -0.199997 -0.028238 5.970400 5.956106 5.970390 5.956096 -0.028587
36.602017 1.943136 0.000000 -0.200000 1.999094 0.031425 -0.199948 -0.027601 5.972108 5.958033 5.972097 5.958023 -0.028149
36.701969 1.943085 0.000000 -0.200000 1.998984 0.025706 -0.199910 -0.022043 5.972853 5.960981 5.972844 5.960971 -0.023745
36.801916 1.943041 0.000000 -0.200000 1.998875 0.016789 -0.199887 -0.014553 5.972907 5.964618 5.972899 5.964610 -0.016578
36.901857 1.943005 0.000000 -0.200000 1.998782 0.006597 -0.199880 -0.005784 5.972580 5.968675 5.972574 5.968669 -0.007811
37.001794 1.942977 0.000000 -0.200000 1.998690 -0.004135 -0.199891 0.003899 5.972076 5.972876 5.972071 5.972872 0.001601
37.101727 1.942957 0.000000 -0.200000 1.998614 -0.013130 -0.199913 0.011086 5.971877 5.976770 5.971873 5.976766 0.009786
37.201655 1.942943 0.000000 -0.200000 1.998538 -0.020113 -0.199948 0.017861 5.972022 5.980260 5.972017 5.980255 0.016476
37.301581 1.942937 0.000000 -0.200000 1.998478 -0.023622 -0.199985 0.020127 5.972916 5.982970 5.972911 5.982964 0.020106
37.401503 1.942937 0.000000 -0.200000 1.998420 -0.023913 -0.200023 0.021041 5.974418 5.984984 5.974412 5.984979 0.021133
37.501423 1.942944 0.000000 -0.200000 1.998376 -0.020957 -0.200054 0.017947 5.976677 5.986197 5.976672 5.986191 0.019039
37.601341 1.942958 0.000000 -0.200000 1.998333 -0.015341 -0.200076 0.013360 5.979450 5.986789 5.979445 5.986784 0.014677
37.701257 1.942977 0.000000 -0.200000 1.998305 -0.008281 -0.200087 0.007181 5.982601 5.986945 5.982598 5.986941 0.008687
37.801171 1.943001 0.000000 -0.200000 1.998278 -0.000359 -0.200085 0.000128 5.985903 5.986825 5.985900 5.986822 0.001843
37.901085 1.943032 0.000000 -0.200000 1.998264 0.006738 -0.200072 -0.005648 5.989049 5.986781 5.989047 5.986779 -0.004535
38.000998 1.943067 0.000000 -0.200000 1.998252 0.012724 -0.200050 -0.011332 5.991928 5.986864 5.991926 5.986861 -0.010128
38.100910 1.943106 0.000000 -0.200000 1.998252 0.016339 -0.200024 -0.013901 5.994248 5.987406 5.994245 5.987404 -0.013683
38.200823 1.943150 0.000000 -0.200000 1.998254 0.017693 -0.199995 -0.015591 5.996039 5.988324 5.996036 5.988321 -0.015429
38.300736 1.943198 0.000000 -0.200000 1.998267 0.016518 -0.199970 -0.014125 5.997180 5.989785 5.997177 5.989782 -0.014791
38.400650 1.943250 0.000000 -0.200000 1.998281 0.013211 -0.199951 -0.011538 5.997791 5.991613 5.997788 5.991610 -0.012356
38.500564 1.943305 0.000000 -0.200000 1.998306 0.008492 -0.199939 -0.007323 5.997971 5.993760 5.997968 5.993758 -0.008421
38.600480 1.943363 0.000000 -0.200000 1.998331 0.002809 -0.199937 -0.002334 5.997844 5.996047 5.997842 5.996045 -0.003593
38.700398 1.943424 0.000000 -0.200000 1.998366 -0.002624 -0.199942 0.002162 5.997656 5.998273 5.997655 5.998271 0.001233
38.800317 1.943487 0.000000 -0.200000 1.998402 -0.007541 -0.199956 0.006750 5.997465 6.000332 5.997464 6.000331 0.005733
38.900238 1.943552 0.000000 -0.200000 1.998446 -0.010900 -0.199974 0.009261 5.997534 6.002002 5.997532 6.002000 0.008936
39.000161 1.943618 0.000000 -0.200000 1.998490 -0.012721 -0.199994 0.011231 5.997821 6.003283 5.997819 6.003281 0.010924
39.100087 1.943686 0.000000 -0.200000 1.998542 -0.012630 -0.200014 0.010789 5.998484 6.004056 5.998483 6.004055 0.011144
39.200016 1.943755 0.000000 -0.200000 1.998594 -0.010882 -0.200030 0.009529 5.999409 6.004401 5.999407 6.004399 0.009984
39.299947 1.943825 0.000000 -0.200000 1.998653 -0.007864 -0.200042 0.006762 6.000594 6.004356 6.000593 6.004355 0.007524
39.399881 1.943895 0.000000 -0.200000 1.998711 -0.003909 -0.200046 0.003343 6.001907 6.004021 6.001906 6.004020 0.004227
39.499818 1.943966 0.000000 -0.200000 1.998774 0.000135 -0.200045 -0.000057 6.003218 6.003558 6.003218 6.003558 0.000680
39.599758 1.944036 0.000000 -0.200000 1.998837 0.004034 -0.200037 -0.003642 6.004441 6.003029 6.004441 6.003029 -0.002824
39.699702 1.944106 0.000000 -0.200000 1.998904 0.006960 -0.200025 -0.005902 6.005407 6.002631 6.005406 6.002631 -0.005551
39.799649 1.944175 0.000000 -0.200000 1.998971 0.008878 -0.200011 -0.007855 6.006103 6.002354 6.006103 6.002354 -0.007498
39.899599 1.944244 0.000000 -0.200000 1.999040 0.009391 -0.199996 -0.008014 6.006420 6.002336 6.006419 6.002335 -0.008168
39.999553 1.944311 0.000000 -0.200000 1.999109 0.008654 -0.199983 -0.007593 6.006410 6.002506 6.006410 6.002505 -0.007809
40.099510 1.944378 0.000000 -0.200000 1.999180 0.006833 -0.199973 -0.005864 6.006075 6.002887 6.006074 6.002887 -0.006375
40.199471 1.944442 0.000000 -0.200000 1.999250 0.004173 -0.199967 -0.003606 6.005494 6.003389 6.005493 6.003389 -0.004208
40.299435 1.944506 0.000000 -0.200000 1.999321 0.001245 -0.199966 -0.001105 6.004766 6.003930 6.004766 6.003930 -0.001672
40.399403 1.944567 0.000000 -0.200000 1.999391 -0.001755 -0.199970 0.001616 6.003954 6.004443 6.003954 6.004443 0.000979
40.499374 1.944626 0.000000 -0.200000 1.999460 -0.004187 -0.199977 0.003542 6.003197 6.004801 6.003197 6.004801 0.003207
40.599349 1.944683 0.000000 -0.200000 1.999530 -0.005993 -0.199987 0.005315 6.002509 6.004990 6.002509 6.004990 0.004962
40.699327 1.944738 0.000000 -0.200000 1.999597 -0.006793 -0.199998 0.005791 6.001999 6.004910 6.001999 6.004910 0.005821
40.799308 1.944791 0.000000 -0.200000 1.999665 -0.006675 -0.200008 0.005868 6.001633 6.004600 6.001633 6.004600 0.005934
40.899293 1.944841 0.000000 -0.200000 1.999730 -0.005672 -0.200017 0.004859 6.001441 6.004035 6.001441 6.004035 0.005187
40.999281 1.944889 0.000000 -0.200000 1.999794 -0.003955 -0.200023 0.003437 6.001366 6.003281 6.001365 6.003281 0.003831
41.099273 1.944933 0.000000 -0.200000 1.999856 -0.001895 -0.200025 0.001647 6.001356 6.002391 6.001356 6.002391 0.002071
41.199267 1.944976 0.000000 -0.200000 1.999917 0.000347 -0.200023 -0.000363 6.001364 6.001425 6.001364 6.001425 0.000122
41.299264 1.945015 0.000000 -0.200000 1.999974 0.002298 -0.200019 -0.001937 6.001295 6.000476 6.001295 6.000476 -0.001638
41.399264 1.945052 0.000000 -0.200000 2.000031 0.003884 -0.200013 -0.003457 6.001137 5.999570 6.001137 5.999570 -0.003134
41.499267 1.945086 0.000000 -0.200000 2.000084 0.004772 -0.200005 -0.004065 6.000803 5.998792 6.000802 5.998791 -0.004022
41.599273 1.945117 0.000000 -0.200000 2.000136 0.005006 -0.199997 -0.004410 6.000321 5.998129 6.000320 5.998128 -0.004384
41.699281 1.945145 0.000000 -0.200000 2.000184 0.004539 -0.199990 -0.003885 5.999653 5.997612 5.999652 5.997612 -0.004080
41.799291 1.945170 0.000000 -0.200000 2.000231 0.003490 -0.199985 -0.003045 5.998852 5.997209 5.998852 5.997209 -0.003286
41.899304 1.945192 0.000000 -0.200000 2.000273 0.002087 -0.199982 -0.001803 5.997941 5.996888 5.997941 5.996888 -0.002106
41.999319 1.945212 0.000000 -0.200000 2.000315 0.000454 -0.199982 -0.000359 5.996972 5.996617 5.996972 5.996617 -0.000710
42.099335 1.945229 0.000000 -0.200000 2.000352 -0.001060 -0.199984 0.000885 5.996006 5.996325 5.996006 5.996325 0.000638
42.199354 1.945243 0.000000 -0.200000 2.000388 -0.002388 -0.199988 0.002134 5.995072 5.996003 5.995072 5.996003 0.001861
42.299374 1.945255 0.000000 -0.200000 2.000420 -0.003248 -0.199994 0.002763 5.994233 5.995577 5.994233 5.995577 0.002687
42.399396 1.945264 0.000000 -0.200000 2.000450 -0.003654 -0.200000 0.003225 5.993491 5.995068 5.993491 5.995068 0.003154
42.499419 1.945271 0.000000 -0.200000 2.000476 -0.003523 -0.200005 0.003012 5.992874 5.994434 5.992873 5.994434 0.003121
42.599443 1.945275 0.000000 -0.200000 2.000501 -0.002933 -0.200009 0.002566 5.992363 5.993716 5.992363 5.993716 0.002705
42.699469 1.945276 0.000000 -0.200000 2.000520 -0.002013 -0.200012 0.001733 5.991942 5.992915 5.991942 5.992915 0.001946
42.799495 1.945276 0.000000 -0.200000 2.000540 -0.000858 -0.200013 0.000726 5.991589 5.992078 5.991589 5.992078 0.000976
42.899523 1.945273 0.000000 -0.200000 2.000554 0.000286 -0.200012 -0.000229 5.991253 5.991238 5.991253 5.991238 -0.000030
42.999551 1.945268 0.000000 -0.200000 2.000568 0.001356 -0.200010 -0.001220 5.990927 5.990428 5.990927 5.990428 -0.000997
43.099579 1.945261 0.000000 -0.200000 2.000577 0.002126 -0.200006 -0.001806 5.990549 5.989689 5.990549 5.989689 -0.001719
43.199608 1.945252 0.000000 -0.200000 2.000586 0.002592 -0.200002 -0.002292 5.990134 5.989032 5.990134 5.989032 -0.002204
43.299638 1.945242 0.000000 -0.200000 2.000590 0.002657 -0.199998 -0.002270 5.989641 5.988481 5.989641 5.988480 -0.002322
43.399667 1.945230 0.000000 -0.200000 2.000594 0.002372 -0.199994 -0.002080 5.989101 5.988025 5.989101 5.988025 -0.002151
43.499697 1.945216 0.000000 -0.200000 2.000593 0.001798 -0.199992 -0.001544 5.988504 5.987659 5.988504 5.987659 -0.001690
43.599727 1.945200 0.000000 -0.200000 2.000592 0.001006 -0.199990 -0.000865 5.987885 5.987366 5.987885 5.987366 -0.001039
43.699756 1.945184 0.000000 -0.200000 2.000587 0.000166 -0.199991 -0.000152 5.987265 5.987110 5.987265 5.987110 -0.000309
43.799785 1.945166 0.000000 -0.200000 2.000582 -0.000670 -0.199992 0.000612 5.986670 5.986886 5.986670 5.986886 0.000433
43.899814 1.945147 0.000000 -0.200000 2.000573 -0.001323 -0.199994 0.001124 5.986129 5.986646 5.986129 5.986646 0.001033
43.999843 1.945127 0.000000 -0.200000 2.000564 -0.001782 -0.199997 0.001582 5.985655 5.986398 5.985655 5.986397 0.001485
44.099871 1.945107 0.000000 -0.200000 2.000552 -0.001950 -0.200000 0.001666 5.985267 5.986105 5.985267 5.986105 0.001676
44.199898 1.945085 0.000000 -0.200000 2.000540 -0.001857 -0.200003 0.001633 5.984961 5.985788 5.984961 5.985788 0.001655
44.299925 1.945063 0.000000 -0.200000 2.000524 -0.001522 -0.200005 0.001307 5.984735 5.985434 5.984735 5.985434 0.001397
44.399950 1.945040 0.000000 -0.200000 2.000509 -0.000999 -0.200007 0.000867 5.984580 5.985068 5.984580 5.985068 0.000977
44.499975 1.945017 0.000000 -0.200000 2.000491 -0.000396 -0.200007 0.000347 5.984469 5.984700 5.984469 5.984700 0.000461
44.599999 1.944994 0.000000 -0.200000 2.000473 0.000237 -0.200006 -0.000227 5.984397 5.984351 5.984397 5.984351 -0.000091
44.700023 1.944970 0.000000 -0.200000 2.000453 0.000770 -0.200005 -0.000654 5.984329 5.984043 5.984329 5.984043 -0.000571
44.800045 1.944946 0.000000 -0.200000 2.000433 0.001186 -0.200003 -0.001057 5.984267 5.983784 5.984267 5.983784 -0.000966
44.900066 1.944922 0.000000 -0.200000 2.000412 0.001394 -0.200001 -0.001192 5.984181 5.983592 5.984181 5.983592 -0.001179
45.000086 1.944898 0.000000 -0.200000 2.000390 0.001414 -0.199999 -0.001247 5.984084 5.983464 5.984084 5.983464 -0.001240
45.100105 1.944875 0.000000 -0.200000 2.000367 0.001239 -0.199997 -0.001064 5.983962 5.983404 5.983962 5.983404 -0.001116
45.200123 1.944851 0.000000 -0.200000 2.000345 0.000908 -0.199995 -0.000793 5.983832 5.983402 5.983832 5.983402 -0.000858
45.300139 1.944828 0.000000 -0.200000 2.000321 0.000489 -0.199995 -0.000426 5.983698 5.983445 5.983698 5.983445 -0.000505
45.400155 1.944805 0.000000 -0.200000 2.000297 0.000020 -0.199995 -0.000007 5.983574 5.983523 5.983574 5.983523 -0.000101
45.500169 1.944783 0.000000 -0.200000 2.000273 -0.000400 -0.199996 0.000336 5.983477 5.983614 5.983477 5.983614 0.000274
45.600182 1.944761 0.000000 -0.200000 2.000250 -0.000756 -0.199997 0.000674 5.983412 5.983714 5.983412 5.983714 0.000604
45.700194 1.944740 0.000000 -0.200000 2.000226 -0.000970 -0.199999 0.000826 5.983396 5.983802 5.983396 5.983802 0.000812
45.800205 1.944719 0.000000 -0.200000 2.000202 -0.001051 -0.200000 0.000926 5.983425 5.983882 5.983425 5.983882 0.000914
45.900214 1.944699 0.000000 -0.200000 2.000178 -0.000981 -0.200002 0.000839 5.983506 5.983944 5.983506 5.983944 0.000875
46.000222 1.944680 0.000000 -0.200000 2.000155 -0.000784 -0.200003 0.000685 5.983631 5.983996 5.983631 5.983996 0.000730
46.100229 1.944661 0.000000 -0.200000 2.000132 -0.000503 -0.200004 0.000434 5.983792 5.984040 5.983792 5.984040 0.000496
46.200236 1.944644 0.000000 -0.200000 2.000109 -0.000166 -0.200004 0.000137 5.983981 5.984087 5.983981 5.984087 0.000210
46.300240 1.944627 0.000000 -0.200000 2.000087 0.000157 -0.200003 -0.000131 5.984184 5.984147 5.984184 5.984147 -0.000074
46.400244 1.944611 0.000000 -0.200000 2.000066 0.000449 -0.200003 -0.000404 5.984394 5.984223 5.984394 5.984223 -0.000341
46.500247 1.944596 0.000000 -0.200000 2.000045 0.000648 -0.200002 -0.000552 5.984596 5.984331 5.984596 5.984331 -0.000529
46.600249 1.944582 0.000000 -0.200000 2.000024 0.000756 -0.200000 -0.000669 5.984790 5.984467 5.984790 5.984467 -0.000646
46.700249 1.944569 0.000000 -0.200000 2.000005 0.000751 -0.199999 -0.000642 5.984967 5.984638 5.984967 5.984638 -0.000658
46.800249 1.944556 0.000000 -0.200000 1.999986 0.000646 -0.199998 -0.000566 5.985132 5.984837 5.985132 5.984837 -0.000589
46.900248 1.944545 0.000000 -0.200000 1.999968 0.000465 -0.199998 -0.000401 5.985285 5.985064 5.985285 5.985064 -0.000441
47.000246 1.944535 0.000000 -0.200000 1.999951 0.000230 -0.199997 -0.000196 5.985431 5.985309 5.985431 5.985309 -0.000246
47.100243 1.944525 0.000000 -0.200000 1.999935 -0.000011 -0.199997 0.000006 5.985581 5.985563 5.985581 5.985563 -0.000036
47.200239 1.944517 0.000000 -0.200000 1.999919 -0.000243 -0.199998 0.000220 5.985734 5.985820 5.985734 5.985820 0.000172
47.300235 1.944510 0.000000 -0.200000 1.999905 -0.000417 -0.199999 0.000354 5.985903 5.986069 5.985903 5.986069 0.000332
47.400230 1.944503 0.000000 -0.200000 1.999891 -0.000531 -0.199999 0.000470 5.986085 5.986309 5.986085 5.986309 0.000447
47.500224 1.944498 0.000000 -0.200000 1.999878 -0.000559 -0.200000 0.000478 5.986289 5.986532 5.986289 5.986532 0.000485
47.600218 1.944493 0.000000 -0.200000 1.999866 -0.000515 -0.200001 0.000452 5.986507 5.986739 5.986507 5.986739 0.000463
47.700211 1.944489 0.000000 -0.200000 1.999856 -0.000404 -0.200002 0.000348 5.986744 5.986931 5.986744 5.986931 0.000376
47.800203 1.944486 0.000000 -0.200000 1.999846 -0.000246 -0.200002 0.000212 5.986988 5.987111 5.986988 5.987111 0.000246
47.900195 1.944484 0.000000 -0.200000 1.999837 -0.000071 -0.200002 0.000062 5.987239 5.987287 5.987239 5.987287 0.000096
48.000187 1.944483 0.000000 -0.200000 1.999829 0.000108 -0.200002 -0.000102 5.987487 5.987457 5.987487 5.987457 -0.000060
48.100178 1.944483 0.000000 -0.200000 1.999822 0.000251 -0.200001 -0.000216 5.987727 5.987632 5.987727 5.987632 -0.000190
48.200169 1.944483 0.000000 -0.200000 1.999816 0.000359 -0.200001 -0.000321 5.987954 5.987807 5.987954 5.987807 -0.000293
48.300160 1.944484 0.000000 -0.200000 1.999811 0.000404 -0.200000 -0.000348 5.988164 5.987993 5.988164 5.987993 -0.000341
48.400150 1.944486 0.000000 -0.200000 1.999807 0.000397 -0.199999 -0.000351 5.988357 5.988183 5.988357 5.988183 -0.000347
48.500141 1.944489 0.000000 -0.200000 1.999804 0.000334 -0.199999 -0.000289 5.988533 5.988383 5.988533 5.988383 -0.000300
48.600131 1.944492 0.000000 -0.200000 1.999801 0.000231 -0.199999 -0.000202 5.988692 5.988583 5.988692 5.988583 -0.000219
48.700121 1.944495 0.000000 -0.200000 1.999800 0.000106 -0.199999 -0.000093 5.988842 5.988786 5.988842 5.988786 -0.000114
48.800111 1.944500 0.000000 -0.200000 1.999799 -0.000028 -0.199999 0.000028 5.988981 5.988982 5.988981 5.988982 0.000002
48.900101 1.944504 0.000000 -0.200000 1.999799 -0.000144 -0.199999 0.000122 5.989116 5.989169 5.989116 5.989169 0.000105
49.000091 1.944510 0.000000 -0.200000 1.999800 -0.000238 -0.199999 0.000212 5.989246 5.989343 5.989246 5.989343 0.000193
49.100081 1.944515 0.000000 -0.200000 1.999802 -0.000289 -0.200000 0.000247 5.989379 5.989501 5.989379 5.989501 0.000244
49.200071 1.944521 0.000000 -0.200000 1.999804 -0.000301 -0.200000 0.000265 5.989511 5.989642 5.989511 5.989642 0.000264
49.300061 1.944528 0.000000 -0.200000 1.999807 -0.000269 -0.200001 0.000232 5.989646 5.989767 5.989646 5.989767 0.000242
49.400051 1.944535 0.000000 -0.200000 1.999810 -0.000205 -0.200001 0.000180 5.989778 5.989874 5.989778 5.989874 0.000193
49.500042 1.944542 0.000000 -0.200000 1.999814 -0.000119 -0.200001 0.000104 5.989909 5.989970 5.989909 5.989970 0.000122
49.600033 1.944549 0.000000 -0.200000 1.999818 -0.000021 -0.200001 0.000015 5.990034 5.990053 5.990034 5.990053 0.000037
49.700024 1.944557 0.000000 -0.200000 1.999824 0.000069 -0.200001 -0.000060 5.990150 5.990129 5.990150 5.990129 -0.000043
49.800015 1.944564 0.000000 -0.200000 1.999829 0.000148 -0.200001 -0.000134 5.990254 5.990197 5.990254 5.990197 -0.000114
49.900007 1.944572 0.000000 -0.200000 1.999835 0.000198 -0.200000 -0.000170 5.990345 5.990264 5.990345 5.990264 -0.000161
49.999999 1.944580 0.000000 -0.200000 1.999841 0.000220 -0.200000 -0.000196 5.990420 5.990326 5.990420 5.990326 -0.000187
